date,close,high,low,open,volume
2021-03-12,132384.0,134400.0,123408.0,124992.0,129
2021-03-15,127968.0,131328.0,123840.0,131040.0,95
2021-03-16,126720.0,135360.0,124992.0,133440.0,107
2021-03-17,126144.0,129120.0,121296.0,124032.0,99
2021-03-18,123168.0,126720.0,122400.0,124800.0,63
2021-03-19,121536.0,123648.0,120096.0,121728.0,61
2021-03-22,117792.0,121440.0,115776.0,120960.0,81
2021-03-23,117216.0,119136.0,116928.0,117120.0,68
2021-03-24,115008.0,119328.0,114432.0,117984.0,109
2021-03-25,111456.0,113856.0,109824.0,111168.0,102
2021-03-26,117024.0,117024.0,111360.0,115488.0,71
2021-03-29,115296.0,119904.0,114240.0,116054.3984375,42
2021-03-30,114144.0,116745.6015625,112416.0,115200.0,38
2021-03-31,115776.0,120000.0,115296.0,117792.0,44
2021-04-01,119040.0,122784.0,117408.0,118656.0,47
2021-04-05,118944.0,124224.0,118368.0,121152.0,37
2021-04-06,130848.0,135744.0,127392.0,130560.0,322
2021-04-07,134688.0,139392.0,131520.0,131520.0,141
2021-04-08,142656.0,145344.0,134688.0,134688.0,145
2021-04-09,143904.0,148118.40625,135168.0,147456.0,135
2021-04-12,125472.0,143136.0,122880.0,140928.0,251
2021-04-13,120768.0,125856.0,119664.0,119712.0,124
2021-04-14,112224.0,124704.0,111552.0,121536.0,216
2021-04-15,118656.0,120960.0,113760.0,114720.0,126
2021-04-16,114432.0,118848.0,113856.0,118848.0,62
2021-04-19,110880.0,116160.0,108384.0,115200.0,73
2021-04-20,108096.0,110112.0,106416.0,108576.0,62
2021-04-21,112992.0,113376.0,106848.0,108096.0,58
2021-04-22,113952.0,117312.0,112416.0,112992.0,75
2021-04-23,117792.0,119040.0,114662.3984375,114662.3984375,42
2021-04-26,115392.0,117696.0,114240.0,117024.0,39
2021-04-27,113472.0,116640.0,112896.0,116064.0,25
2021-04-28,115680.0,116160.0,112800.0,112800.0,30
2021-04-29,112704.0,117696.0,112224.0,117696.0,28
2021-04-30,112608.0,114432.0,112224.0,112896.0,35
2021-05-03,111744.0,113088.0,110592.0,112800.0,33
2021-05-04,110880.0,111840.0,108576.0,110880.0,40
2021-05-05,113568.0,113760.0,110880.0,111360.0,16
2021-05-06,110112.0,113088.0,109728.0,111686.3984375,24
2021-05-07,108000.0,110880.0,104736.0,109632.0,72
2021-05-10,104832.0,112800.0,104256.0,112800.0,108
2021-05-11,105120.0,105696.0,100032.0,101664.0,106
2021-05-12,104928.0,107040.0,101952.0,106464.0,52
2021-05-13,104544.0,105398.3984375,102048.0,103872.0,48
2021-05-14,106272.0,108480.0,103632.0,104064.0,45
2021-05-17,105984.0,107232.0,104928.0,106176.0,17
2021-05-18,105984.0,108096.0,105216.0,105888.0,34
2021-05-19,104256.0,105504.0,103200.0,105504.0,30
2021-05-20,104448.0,105600.0,104160.0,104640.0,35
2021-05-21,103968.0,104448.0,103142.3984375,104448.0,31
2021-05-24,107232.0,111456.0,103392.0,104928.0,44
2021-05-25,113184.0,113280.0,107040.0,107520.0,97
2021-05-26,115200.0,118560.0,112512.0,115161.6015625,83
2021-05-27,120192.0,127171.203125,118176.0,127084.796875,133
2021-05-28,121344.0,123840.0,118627.203125,120672.0,41
2021-06-01,117984.0,122880.0,116448.0,122016.0,56
2021-06-02,121920.0,125184.0,117840.0,120768.0,51
2021-06-03,126912.0,129408.0,119040.0,121440.0,106
2021-06-04,134592.0,135360.0,128064.0,128064.0,109
2021-06-07,129696.0,140448.0,127104.0,134208.0,158
2021-06-08,128448.0,133824.0,125664.0,130944.0,56
2021-06-09,128448.0,133248.0,123072.0,132000.0,77
2021-06-10,130944.0,132000.0,124320.0,128448.0,50
2021-06-11,131712.0,132576.0,128880.0,131040.0,26
2021-06-14,127104.0,135648.0,125856.0,130560.0,47
2021-06-15,127200.0,129312.0,125760.0,127872.0,37
2021-06-16,123264.0,126470.3984375,121536.0,125760.0,44
2021-06-17,120672.0,122592.0,119520.0,121344.0,53
2021-06-18,120480.0,123254.3984375,119616.0,120960.0,35
2021-06-21,128928.0,136032.0,116736.0,121056.0,91
2021-06-22,132000.0,134400.0,129792.0,134400.0,47
2021-06-23,142944.0,146112.0,133920.0,133920.0,111
2021-06-24,143232.0,157248.0,138720.0,147840.0,226
2021-06-25,153216.0,167808.0,146400.0,165408.0,350
2021-06-28,158784.0,164160.0,153792.0,160224.0,171
2021-06-29,152352.0,156384.0,149088.0,155520.0,130
2021-06-30,149568.0,153120.0,148320.0,151104.0,88
2021-07-01,150048.0,158112.0,148800.0,151488.0,56
2021-07-02,142656.0,152640.0,142176.0,151200.0,67
2021-07-06,139776.0,149088.0,136416.0,141600.0,88
2021-07-07,142176.0,145440.0,139824.0,144960.0,43
2021-07-08,140352.0,147072.0,137088.0,138720.0,96
2021-07-09,144384.0,145632.0,140256.0,143520.0,82
2021-07-12,138432.0,144979.203125,138240.0,144960.0,78
2021-07-13,133248.0,141504.0,125568.0,138528.0,156
2021-07-14,127392.0,133104.0,125760.0,131520.0,101
2021-07-15,119040.0,132096.0,116880.0,127968.0,150
2021-07-16,127296.0,133248.0,120960.0,120960.0,141
2021-07-19,130752.0,138240.0,127824.0,134592.0,169
2021-07-20,132768.0,136224.0,131136.0,136224.0,98
2021-07-21,132288.0,141024.0,131520.0,137568.0,146
2021-07-22,134208.0,163200.0,123936.0,161664.0,965
2021-07-23,142272.0,144288.0,120192.0,125280.0,677
2021-07-26,132480.0,140736.0,129120.0,139680.0,401
2021-07-27,109920.0,132000.0,98304.0,131328.0,672
2021-07-28,116928.0,119616.0,107040.0,114336.0,366
2021-07-29,112320.0,120096.0,111360.0,120000.0,138
2021-07-30,115968.0,119424.0,111916.796875,111916.796875,192
2021-08-02,128640.0,130368.0,112416.0,116160.0,277
2021-08-03,117408.0,127536.0,115488.0,125664.0,204
2021-08-04,119328.0,120528.0,115200.0,117792.0,97
2021-08-05,117696.0,121632.0,116928.0,118752.0,92
2021-08-06,114048.0,119232.0,112704.0,117120.0,93
2021-08-09,114144.0,116832.0,112137.6015625,114048.0,94
2021-08-10,120960.0,121344.0,112723.203125,114240.0,159
2021-08-11,116832.0,120960.0,113376.0,119040.0,160
2021-08-12,109056.0,114624.0,107808.0,114288.0,174
2021-08-13,105120.0,112128.0,103680.0,109056.0,158
2021-08-16,95232.0,103200.0,91200.0,103200.0,391
2021-08-17,100608.0,100608.0,92448.0,99580.796875,426
2021-08-18,97824.0,101184.0,96960.0,100800.0,124
2021-08-19,90720.0,97440.0,90432.0,96000.0,141
2021-08-20,88512.0,94080.0,87840.0,91824.0,170
2021-08-23,87168.0,90144.0,85248.0,88128.0,205
2021-08-24,93408.0,94848.0,87840.0,89568.0,160
2021-08-25,88416.0,93984.0,88320.0,92256.0,127
2021-08-26,86208.0,91200.0,83520.0,87840.0,162
2021-08-27,91296.0,94944.0,88320.0,88320.0,250
2021-08-30,91200.0,94560.0,88896.0,92160.0,122
2021-08-31,96864.0,97152.0,91200.0,91584.0,147
2021-09-01,96960.0,97536.0,92736.0,95136.0,157
2021-09-02,94464.0,98784.0,93312.0,96096.0,205
2021-09-03,104064.0,105312.0,93312.0,94848.0,417
2021-09-07,88128.0,105600.0,87840.0,105600.0,676
2021-09-08,85728.0,90614.3984375,85440.0,89280.0,236
2021-09-09,88320.0,90048.0,86688.0,87936.0,158
2021-09-10,86016.0,89664.0,85920.0,88800.0,127
2021-09-13,87648.0,87744.0,84480.0,86016.0,177
2021-09-14,87360.0,90288.0,85440.0,86496.0,171
2021-09-15,88896.0,90816.0,86688.0,86688.0,188
2021-09-16,96192.0,97920.0,89568.0,89664.0,317
2021-09-17,103584.0,104736.0,94368.0,97152.0,1101
2021-09-20,99552.0,102144.0,96960.0,99360.0,349
2021-09-21,100608.0,110400.0,99840.0,101280.0,344
2021-09-22,101280.0,107904.0,100608.0,105888.0,262
2021-09-23,102432.0,102912.0,99600.0,101702.3984375,156
2021-09-24,106944.0,107520.0,102048.0,102240.0,288
2021-09-27,97632.0,106080.0,96096.0,105600.0,246
2021-09-28,96096.0,97536.0,95520.0,96384.0,147
2021-09-29,91200.0,96288.0,89376.0,96192.0,160
2021-09-30,90624.0,92160.0,89568.0,91968.0,74
2021-10-01,86784.0,91200.0,85200.0,90624.0,180
2021-10-04,84576.0,88032.0,84480.0,87168.0,130
2021-10-05,78624.0,86688.0,77568.0,84480.0,246
2021-10-06,73440.0,78432.0,71040.0,78432.0,355
2021-10-07,80640.0,81312.0,71712.0,72960.0,315
2021-10-08,77280.0,79872.0,75264.0,79680.0,164
2021-10-11,79008.0,81600.0,76032.0,76224.0,128
2021-10-12,80256.0,80832.0,75936.0,78336.0,98
2021-10-13,79296.0,80832.0,76147.203125,78432.0,139
2021-10-14,79200.0,79776.0,77760.0,77760.0,72
2021-10-15,84384.0,85920.0,80160.0,81696.0,197
2021-10-18,87456.0,90720.0,83712.0,84192.0,184
2021-10-19,89472.0,90624.0,88320.0,89184.0,83
2021-10-20,91680.0,92544.0,89088.0,89856.0,118
2021-10-21,86784.0,93216.0,85392.0,91680.0,177
2021-10-22,86304.0,91536.0,84672.0,84672.0,182
2021-10-25,86592.0,86880.0,83424.0,85536.0,147
2021-10-26,82176.0,85872.0,80448.0,85536.0,219
2021-10-27,78624.0,83472.0,77472.0,81600.0,166
2021-10-28,87072.0,88032.0,76896.0,79200.0,281
2021-10-29,82368.0,87360.0,81984.0,84672.0,120
2021-11-01,84768.0,87724.796875,82848.0,85056.0,179
2021-11-02,82944.0,84115.203125,77952.0,83520.0,258
2021-11-03,82176.0,87072.0,81792.0,81792.0,147
2021-11-04,80256.0,83472.0,79008.0,83232.0,168
2021-11-05,83712.0,84000.0,77856.0,81216.0,205
2021-11-08,81792.0,86208.0,81600.0,85344.0,162
2021-11-09,80544.0,83712.0,78624.0,83040.0,169
2021-11-10,81312.0,84288.0,77856.0,79968.0,194
2021-11-11,81504.0,84768.0,81120.0,81792.0,139
2021-11-12,81600.0,86208.0,80832.0,82368.0,254
2021-11-15,87456.0,88512.0,80832.0,82272.0,411
2021-11-16,84768.0,86976.0,81888.0,82080.0,322
2021-11-17,81024.0,84384.0,79488.0,84384.0,232
2021-11-18,78336.0,83040.0,76800.0,80736.0,234
2021-11-19,75648.0,79680.0,74352.0,78144.0,240
2021-11-22,68832.0,76512.0,67872.0,76512.0,358
2021-11-23,63072.0,69446.3984375,61440.0,69120.0,441
2021-11-24,60960.0,63456.0,56256.0,59904.0,517
2021-11-26,59232.0,59808.0,56448.0,57792.0,206
2021-11-29,58752.0,62976.0,58560.0,62640.0,215
2021-11-30,59040.0,60096.0,54720.0,57984.0,437
2021-12-01,63168.0,64896.0,57312.0,58656.0,262
2021-12-02,63168.0,63840.0,59808.0,62304.0,163
2021-12-03,54816.0,62784.0,54336.0,61920.0,256
2021-12-06,50688.0,53280.0,48000.0,52896.0,324
2021-12-07,53376.0,54720.0,51456.0,51456.0,165
2021-12-08,54336.0,55872.0,50688.0,53472.0,138
2021-12-09,52896.0,54336.0,51264.0,54336.0,118
2021-12-10,51936.0,55392.0,50112.0,52320.0,122
2021-12-13,46848.0,51648.0,45888.0,51648.0,258
2021-12-14,47904.0,48000.0,45024.0,46080.0,137
2021-12-15,45024.0,48000.0,43296.0,47904.0,212
2021-12-16,45984.0,47904.0,44640.0,45504.0,197
2021-12-17,50784.0,53280.0,45120.0,45696.0,292
2021-12-20,45984.0,50265.6015625,45792.0,49728.0,161
2021-12-21,45984.0,48864.0,45984.0,47040.0,141
2021-12-22,48576.0,48960.0,45696.0,46656.0,112
2021-12-23,49152.0,50496.0,48288.0,48576.0,73
2021-12-27,46560.0,49814.3984375,46368.0,49248.0,89
2021-12-28,47520.0,48480.0,46368.0,47040.0,104
2021-12-29,46464.0,47568.0,45724.80078125,47040.0,93
2021-12-30,49632.0,50304.0,46444.80078125,46464.0,75
2021-12-31,51072.0,51264.0,48480.0,48768.0,82
2022-01-03,58176.0,62112.0,50112.0,52032.0,196
2022-01-04,55200.0,58176.0,54528.0,58051.19921875,100
2022-01-05,54816.0,57600.0,54048.0,54528.0,53
2022-01-06,54048.0,55680.0,51504.0,54816.0,56
2022-01-07,51456.0,56160.0,51168.0,54432.0,70
2022-01-10,49344.0,51408.0,48672.0,51264.0,93
2022-01-11,49440.0,50784.0,48192.0,48768.0,143
2022-01-12,52512.0,54624.0,48960.0,50688.0,145
2022-01-13,51072.0,53280.0,49440.0,52032.0,145
2022-01-14,54240.0,56160.0,50016.0,50016.0,218
2022-01-18,49440.0,54240.0,48960.0,52800.0,101
2022-01-19,48288.0,52416.0,48192.0,50208.0,87
2022-01-20,48000.0,52416.0,47424.0,49344.0,158
2022-01-21,45216.0,49728.0,44832.0,49728.0,160
2022-01-24,43104.0,44256.0,37152.0,43497.6015625,281
2022-01-25,43200.0,43776.0,40896.0,41184.0,74
2022-01-26,43968.0,47808.0,43488.0,43872.0,114
2022-01-27,40272.0,43920.0,39552.0,43200.0,112
2022-01-28,36960.0,40656.0,36576.0,39648.0,159
2022-01-31,41088.0,41184.0,35616.0,35616.0,197
2022-02-01,43776.0,43776.0,40128.0,40608.0,101
2022-02-02,40512.0,44496.0,39360.0,44496.0,203
2022-02-03,39360.0,41376.0,38534.3984375,38688.0,114
2022-02-04,41472.0,43104.0,38976.0,39072.0,112
2022-02-07,39168.0,42720.0,38976.0,41280.0,152
2022-02-08,40704.0,41520.0,38592.0,39264.0,95
2022-02-09,42144.0,43008.0,40896.0,40896.0,169
2022-02-10,42144.0,44304.0,40800.0,41011.19921875,123
2022-02-11,44064.0,45984.0,42048.0,42048.0,162
2022-02-14,40800.0,44380.80078125,39936.0,43776.0,158
2022-02-15,45600.0,45696.0,41280.0,41760.0,120
2022-02-16,46656.0,47232.0,44064.0,44256.0,78
2022-02-17,48192.0,53952.0,46272.0,49324.80078125,451
2022-02-18,47232.0,51216.0,46560.0,47808.0,185
2022-02-22,48576.0,53472.0,47232.0,47980.80078125,316
2022-02-23,45504.0,50976.0,44544.0,50976.0,291
2022-02-24,50112.0,50112.0,42432.0,43872.0,273
2022-02-25,52608.0,52704.0,47577.6015625,49152.0,185
2022-02-28,55200.0,55872.0,51744.0,51936.0,171
2022-03-01,52128.0,55296.0,50208.0,54624.0,144
2022-03-02,50496.0,51734.3984375,49536.0,50880.0,119
2022-03-03,46848.0,52896.0,45888.0,51552.0,155
2022-03-04,45696.0,48768.0,45024.0,45792.0,149
2022-03-07,54336.0,56592.0,44160.0,46080.0,436
2022-03-08,50112.0,53184.0,49056.0,52992.0,230
2022-03-09,53952.0,54912.0,50976.0,52320.0,198
2022-03-10,55392.0,55680.0,51264.0,52608.0,221
2022-03-11,52320.0,59712.0,50352.0,54816.0,363
2022-03-14,38208.0,50496.0,37824.0,50486.3984375,648
2022-03-15,38784.0,40608.0,37056.0,38592.0,222
2022-03-16,41376.0,43478.3984375,39360.0,43008.0,486
2022-03-17,45504.0,46560.0,41712.0,41952.0,474
2022-03-18,47136.0,47616.0,44064.0,44928.0,420
2022-03-21,48960.0,50496.0,46368.0,46905.6015625,363
2022-03-22,54144.0,55766.3984375,48864.0,50592.0,380
2022-03-23,51840.0,55296.0,50880.0,52992.0,163
2022-03-24,54528.0,57312.0,52320.0,52320.0,149
2022-03-25,52896.0,54432.0,51840.0,53472.0,114
2022-03-28,53472.0,54528.0,51648.0,53184.0,130
2022-03-29,54720.0,56640.0,53040.0,53568.0,116
2022-03-30,49536.0,55968.0,48768.0,55968.0,279
2022-03-31,47904.0,48576.0,43104.0,47904.0,228
2022-04-01,47136.0,49440.0,46080.0,48000.0,101
2022-04-04,47520.0,48000.0,44256.0,47424.0,131
2022-04-05,43488.0,47040.0,42048.0,47040.0,225
2022-04-06,40704.0,42998.3984375,40368.0,42528.0,164
2022-04-07,40224.0,41280.0,39168.0,40320.0,206
2022-04-08,40704.0,42432.0,38976.0,38976.0,157
2022-04-11,41184.0,42336.0,38592.0,39168.0,105
2022-04-12,42912.0,43680.0,41376.0,41856.0,165
2022-04-13,44352.0,44352.0,42048.0,43104.0,121
2022-04-14,43200.0,43968.0,42240.0,43872.0,103
2022-04-18,41088.0,43488.0,40608.0,42048.0,101
2022-04-19,43008.0,43248.0,40416.0,41280.0,106
2022-04-20,42720.0,43776.0,42144.0,43200.0,158
2022-04-21,37248.0,43200.0,37056.0,43200.0,281
2022-04-22,36096.0,38208.0,35520.0,38016.0,189
2022-04-25,34176.0,35952.0,33984.0,35040.0,206
2022-04-26,29760.0,34944.0,17760.0,34944.0,1769
2022-04-27,28704.0,29856.0,27552.0,27648.0,253
2022-04-28,27552.0,29568.0,25536.0,29568.0,206
2022-04-29,24768.0,28800.0,24144.0,27360.0,249
2022-05-02,25152.0,26016.0,23952.0,24288.0,196
2022-05-03,23424.0,25440.0,23136.0,24768.0,248
2022-05-04,24480.0,24576.0,21696.0,23232.0,319
2022-05-05,22080.0,24672.0,21600.0,24288.0,318
2022-05-06,22752.0,24384.0,20352.0,21792.0,452
2022-05-09,19104.0,23328.0,19104.0,23136.0,471
2022-05-10,17376.0,20544.0,16896.0,19776.0,661
2022-05-11,16512.0,19392.0,15936.0,17280.0,419
2022-05-12,19488.0,20112.0,15840.0,16512.0,466
2022-05-13,23616.0,23808.0,19872.0,19872.0,433
2022-05-16,24192.0,31584.0,23760.0,26496.0,1291
2022-05-17,27456.0,27792.0,24624.0,24864.0,462
2022-05-18,29952.0,32160.0,26688.0,26784.0,696
2022-05-19,27264.0,31680.0,27168.0,31584.0,441
2022-05-20,26688.0,28800.0,25968.0,28704.0,256
2022-05-23,25344.0,26976.0,25056.0,26976.0,205
2022-05-24,24960.0,25728.0,22272.0,25248.0,328
2022-05-25,28800.0,29328.0,25152.0,25824.0,259
2022-05-26,29280.0,32448.0,28128.0,28224.0,279
2022-05-27,30624.0,31296.0,29376.0,29952.0,212
2022-05-31,31680.0,32256.0,29664.0,31200.0,227
2022-06-01,30240.0,33888.0,30048.0,30336.0,264
2022-06-02,32832.0,33792.0,30067.19921875,30624.0,261
2022-06-03,30624.0,33216.0,30240.0,31968.0,129
2022-06-06,27552.0,31920.0,27360.0,31680.0,318
2022-06-07,26112.0,28128.0,24288.0,27984.0,362
2022-06-08,27456.0,28521.599609375,26400.0,26400.0,199
2022-06-09,27072.0,28320.0,26400.0,26976.0,180
2022-06-10,24576.0,26390.400390625,24576.0,25632.0,197
2022-06-13,21888.0,24096.0,21792.0,24000.0,263
2022-06-14,22560.0,23040.0,21696.0,22752.0,177
2022-06-15,24000.0,24960.0,21984.0,23040.0,432
2022-06-16,21792.0,23616.0,21792.0,23616.0,323
2022-06-17,24000.0,24480.0,22560.0,23424.0,553
2022-06-21,24480.0,26976.0,24192.0,24672.0,391
2022-06-22,23328.0,25008.0,23040.0,23616.0,384
2022-06-23,23328.0,24048.0,22704.0,23520.0,178
2022-06-24,23808.0,24960.0,21936.0,24576.0,1624
2022-06-27,21792.0,24240.0,21792.0,23616.0,225
2022-06-28,21504.0,23136.0,21120.0,22080.0,192
2022-06-29,23136.0,23616.0,21120.0,21120.0,354
2022-06-30,24960.0,25056.0,22464.0,22464.0,270
2022-07-01,34080.0,34368.0,24192.0,24192.0,1621
2022-07-05,50688.0,61440.0,32256.0,36000.0,10538
2022-07-06,43584.0,48000.0,41760.0,47712.0,1268
2022-07-07,52800.0,61536.0,49612.80078125,49824.0,6543
2022-07-08,51840.0,58944.0,49056.0,52800.0,2690
2022-07-11,52512.0,53856.0,46272.0,50400.0,869
2022-07-12,55104.0,56918.3984375,51168.0,52128.0,888
2022-07-13,56640.0,58176.0,53040.0,53376.0,1221
2022-07-14,67200.0,71328.0,54624.0,56448.0,2208
2022-07-15,72192.0,73536.0,62880.0,67200.0,1179
2022-07-18,64320.0,75360.0,61728.0,73440.0,1250
2022-07-19,53184.0,68160.0,50208.0,66144.0,1678
2022-07-20,44544.0,56160.0,42720.0,54432.0,1675
2022-07-21,32736.0,47424.0,32640.0,44832.0,2677
2022-07-22,24960.0,29760.0,18720.0,27072.0,12616
2022-07-25,22080.0,25824.0,22080.0,25056.0,2928
2022-07-26,20640.0,22176.0,19200.0,19200.0,1637
2022-07-27,22944.0,24864.0,21216.0,21696.0,2579
2022-07-28,21216.0,22560.0,21216.0,21984.0,1128
2022-07-29,21216.0,22080.0,19968.0,21120.0,1242
2022-08-01,19200.0,21216.0,19200.0,21216.0,1267
2022-08-02,23232.0,27744.0,20832.0,22272.0,6790
2022-08-03,28512.0,28704.0,23616.0,24576.0,2907
2022-08-04,26592.0,32256.0,26112.0,29788.80078125,2752
2022-08-05,26112.0,27523.19921875,25152.0,26496.0,1309
2022-08-08,26880.0,30048.0,26304.0,26880.0,1660
2022-08-09,24096.0,26976.0,23904.0,26880.0,967
2022-08-10,24864.0,25248.0,24288.0,25152.0,815
2022-08-11,24384.0,25728.0,24192.0,25056.0,933
2022-08-12,25824.0,26016.0,22656.0,24096.0,993
2022-08-15,26784.0,26976.0,25056.0,25536.0,1136
2022-08-16,22272.0,25440.0,21120.0,25440.0,2367
2022-08-17,20928.0,23040.0,20736.0,23040.0,1259
2022-08-18,20256.0,21168.0,19584.0,21168.0,950
2022-08-19,19200.0,19824.0,19008.0,19776.0,1088
2022-08-22,17472.0,18816.0,17280.0,18432.0,1198
2022-08-23,16800.0,18336.0,16224.0,18336.0,1451
2022-08-24,16608.0,17088.0,16128.0,17088.0,1354
2022-08-25,16704.0,16896.0,15936.0,16800.0,1502
2022-08-26,14400.0,16848.0,14208.0,16800.0,2204
2022-08-29,13440.0,14208.0,13152.0,13920.0,1758
2022-08-30,11424.0,13248.0,10272.0,13152.0,4849
2022-08-31,10752.0,12000.0,10368.0,10752.0,3279
2022-09-01,10272.0,11712.0,9792.0,10848.0,2446
2022-09-02,10080.0,10560.0,9792.0,10560.0,1565
2022-09-06,9696.0,10464.0,9072.0,10464.0,2180
2022-09-07,9600.0,9696.0,9129.599609375,9417.599609375,2573
2022-09-08,8764.7998046875,9696.0,8448.0,9600.0,3766
2022-09-09,10656.0,11712.0,8640.0,8784.0,6047
2022-09-12,9888.0,12000.0,9504.0,12000.0,5701
2022-09-13,8918.400390625,9696.0,8832.0,9504.0,5500
2022-09-14,9091.2001953125,9312.0,8467.2001953125,9120.0,4542
2022-09-15,10176.0,11232.0,9024.0,9120.0,4550
2022-09-16,9264.0,11040.0,9129.599609375,11040.0,4239
2022-09-19,9043.2001953125,9792.0,8668.7998046875,9388.7998046875,2999
2022-09-20,8169.60009765625,9590.400390625,8160.0,8889.599609375,2726
2022-09-21,7747.2001953125,8736.0,7680.0,8179.2001953125,3271
2022-09-22,7152.0,8256.0,7084.7998046875,8160.0,3449
2022-09-23,7363.2001953125,7670.39990234375,6777.60009765625,6921.60009765625,1871
2022-09-26,8064.0,10752.0,7996.7998046875,9072.0,10464
2022-09-27,8544.0,9436.7998046875,8313.599609375,9379.2001953125,4373
2022-09-28,7920.0,8544.0,7776.0,8419.2001953125,2667
2022-09-29,6748.7998046875,7833.60009765625,6672.0,7776.0,2991
2022-09-30,6105.60009765625,6912.0,6038.39990234375,6720.0,2960
2022-10-03,6163.2001953125,6508.7998046875,5664.0,5760.0,2660
2022-10-04,6710.39990234375,6729.60009765625,6288.0,6297.60009765625,2094
2022-10-05,6220.7998046875,6518.39990234375,5952.0,6432.0,1870
2022-10-06,6816.0,6988.7998046875,6240.0,6240.0,3233
2022-10-07,6124.7998046875,6816.0,6048.0,6528.0,2516
2022-10-10,6432.0,6489.60009765625,5952.0,6307.2001953125,1584
2022-10-11,5145.60009765625,6432.0,5088.0,6297.60009765625,3695
2022-10-12,5289.60009765625,5424.0,4800.0,5203.2001953125,3172
2022-10-13,5030.39990234375,5088.0,4800.0,4896.0,2305
2022-10-14,4819.2001953125,5347.2001953125,4761.60009765625,5184.0,1740
2022-10-17,5020.7998046875,5260.7998046875,4896.0,5020.7998046875,1286
2022-10-18,5059.2001953125,5376.0,4953.60009765625,5212.7998046875,1068
2022-10-19,4934.39990234375,5222.39990234375,4809.60009765625,5203.2001953125,995
2022-10-20,4886.39990234375,5472.0,4809.60009765625,5040.0,2046
2022-10-21,5088.0,5184.0,4828.7998046875,4896.0,1755
2022-10-24,4416.0,4992.0,4368.0,4992.0,2428
2022-10-25,5529.60009765625,5644.7998046875,4435.2001953125,4435.2001953125,4527
2022-10-26,5433.60009765625,5817.60009765625,5011.2001953125,5414.39990234375,3181
2022-10-27,4934.39990234375,5568.0,4857.60009765625,5568.0,2475
2022-10-28,4896.0,5126.39990234375,4809.60009765625,4905.60009765625,1847
2022-10-31,5184.0,5280.0,4857.60009765625,4972.7998046875,1764
2022-11-01,5174.39990234375,5587.2001953125,5126.39990234375,5414.39990234375,1300
2022-11-02,5395.2001953125,5875.2001953125,5088.0,5251.2001953125,1735
2022-11-03,5376.0,5683.2001953125,5280.0,5328.0,819
2022-11-04,5577.60009765625,5836.7998046875,5395.2001953125,5558.39990234375,1517
2022-11-07,6624.0,7200.0,5760.0,5760.0,4601
2022-11-08,6326.39990234375,8179.2001953125,6115.2001953125,8064.0,3040
2022-11-09,5395.2001953125,6451.2001953125,5376.0,6432.0,2075
2022-11-10,5942.39990234375,5952.0,5472.0,5616.0,1560
2022-11-11,6048.0,6240.0,5500.7998046875,5760.0,2427
2022-11-14,5424.0,6124.7998046875,5424.0,6057.60009765625,1783
2022-11-15,4896.0,5884.7998046875,4800.0,5664.0,3737
2022-11-16,4521.60009765625,5088.0,4435.2001953125,5088.0,2411
2022-11-17,4003.199951171875,4588.7998046875,3811.199951171875,4588.7998046875,3791
2022-11-18,3504.0,4080.0,3475.199951171875,4032.0,3285
2022-11-21,3264.0,3532.800048828125,3062.39990234375,3504.0,3235
2022-11-22,3187.199951171875,3244.800048828125,2937.60009765625,3168.0,2988
2022-11-23,3120.0,3504.0,3100.800048828125,3321.60009765625,3105
2022-11-25,3081.60009765625,3427.199951171875,3033.60009765625,3120.0,1809
2022-11-28,2918.39990234375,3120.0,2860.800048828125,3072.0,2543
2022-11-29,3408.0,3696.0,2976.0,3024.0,3113
2022-11-30,3081.60009765625,3676.800048828125,3062.39990234375,3638.39990234375,3239
2022-12-01,2985.60009765625,3302.39990234375,2956.800048828125,3177.60009765625,3542
2022-12-02,2985.60009765625,3081.60009765625,2880.0,2995.199951171875,1932
2022-12-05,2870.39990234375,3264.0,2860.800048828125,3091.199951171875,3066
2022-12-06,2496.0,2937.60009765625,2352.0,2889.60009765625,4092
2022-12-07,2400.0,2563.199951171875,2352.0,2457.60009765625,2069
2022-12-08,2534.39990234375,2640.0,2400.0,2496.0,2182
2022-12-09,2832.0,2870.39990234375,2572.800048828125,2611.199951171875,2518
2022-12-12,4406.39990234375,5270.39990234375,3100.800048828125,3177.60009765625,15810
2022-12-13,5107.2001953125,6393.60009765625,4713.60009765625,5558.39990234375,15307
2022-12-14,4896.0,5260.7998046875,4320.0,5040.0,6066
2022-12-15,4608.0,5443.2001953125,4521.60009765625,4828.7998046875,5911
2022-12-16,3388.800048828125,4012.800048828125,3360.0,3484.800048828125,5982
2022-12-19,3129.60009765625,3408.0,2947.199951171875,3360.0,3104
2022-12-20,3446.39990234375,3888.0,3004.800048828125,3004.800048828125,5628
2022-12-21,3696.0,3811.199951171875,3369.60009765625,3552.0,2904
2022-12-22,3408.0,3840.0,3264.0,3744.0,2700
2022-12-23,3360.0,3676.800048828125,3206.39990234375,3465.60009765625,2647
2022-12-27,3100.800048828125,3321.60009765625,3004.800048828125,3273.60009765625,2119
2022-12-28,3024.0,3216.0,2956.800048828125,3168.0,2247
2022-12-29,2812.800048828125,3206.39990234375,2630.39990234375,3072.0,2927
2022-12-30,2784.0,3043.199951171875,2678.39990234375,2880.0,2871
2023-01-03,2601.60009765625,3072.0,2601.60009765625,2937.60009765625,3226
2023-01-04,2851.199951171875,2956.800048828125,2582.39990234375,2726.39990234375,2903
2023-01-05,3244.800048828125,3350.39990234375,2688.0,2851.199951171875,3234
2023-01-06,3110.39990234375,3379.199951171875,3014.39990234375,3177.60009765625,2608
2023-01-09,3580.800048828125,3667.199951171875,3120.0,3244.800048828125,2537
2023-01-10,3590.39990234375,3600.0,3264.0,3417.60009765625,1767
2023-01-11,4492.7998046875,4656.0,3513.60009765625,3676.800048828125,4424
2023-01-12,4387.2001953125,4761.60009765625,3888.0,4521.60009765625,4124
2023-01-13,4838.39990234375,5280.0,4176.0,4224.0,5061
2023-01-17,4560.0,5184.0,4464.0,5184.0,3849
2023-01-18,5731.2001953125,6240.0,5097.60009765625,5654.39990234375,10671
2023-01-19,5606.39990234375,6240.0,5184.0,5635.2001953125,5812
2023-01-20,5884.7998046875,6124.7998046875,5568.0,5635.2001953125,5172
2023-01-23,8870.400390625,9456.0,5760.0,5952.0,14764
2023-01-24,9024.0,10848.0,7968.0,8563.2001953125,13310
2023-01-25,8188.7998046875,9273.599609375,7881.60009765625,9187.2001953125,6771
2023-01-26,7622.39990234375,8956.7998046875,7296.0,8928.0,7837
2023-01-27,8419.2001953125,9024.0,7776.0,7920.0,5837
2023-01-30,7584.0,8592.0,7545.60009765625,8553.599609375,4610
2023-01-31,8160.0,8640.0,7392.0,7670.39990234375,6682
2023-02-01,8563.2001953125,9014.400390625,8092.7998046875,8160.0,5884
2023-02-02,9504.0,10560.0,8880.0,8889.599609375,7302
2023-02-03,10368.0,10560.0,9600.0,9696.0,3943
2023-02-06,7603.2001953125,12672.0,7344.0,12432.0,20303
2023-02-07,7680.0,8169.60009765625,6336.0,8016.0,13576
2023-02-08,6883.2001953125,8160.0,6528.0,7699.2001953125,7801
2023-02-09,6825.60009765625,7036.7998046875,6144.0,7008.0,7395
2023-02-10,6624.0,7036.7998046875,6259.2001953125,6547.2001953125,4741
2023-02-13,6883.2001953125,7104.0,6432.0,6806.39990234375,3659
2023-02-14,6537.60009765625,6864.0,6144.0,6816.0,4856
2023-02-15,6316.7998046875,6720.0,6220.7998046875,6480.0,3579
2023-02-16,6019.2001953125,6912.0,6019.2001953125,6336.0,5213
2023-02-17,5635.2001953125,6048.0,5280.0,6048.0,5286
2023-02-21,5817.60009765625,6096.0,5500.7998046875,6048.0,5117
2023-02-22,5606.39990234375,6144.0,5299.2001953125,5952.0,3687
2023-02-23,5548.7998046875,5721.60009765625,5289.60009765625,5664.0,4468
2023-02-24,5347.2001953125,5712.0,5212.7998046875,5376.0,3687
2023-02-27,4934.39990234375,5587.2001953125,4905.60009765625,5500.7998046875,4373
2023-02-28,5107.2001953125,5260.7998046875,4848.0,4896.0,3781
2023-03-01,5030.39990234375,5424.0,4848.0,5376.0,4281
2023-03-02,4876.7998046875,5088.0,4809.60009765625,5088.0,2675
2023-03-03,5472.0,5740.7998046875,4876.7998046875,4924.7998046875,6246
2023-03-06,5664.0,5932.7998046875,5251.2001953125,5577.60009765625,5219
2023-03-07,5366.39990234375,5760.0,5280.0,5692.7998046875,3472
2023-03-08,4934.39990234375,5404.7998046875,4800.0,5203.2001953125,4146
2023-03-09,5068.7998046875,5232.0,4809.60009765625,4896.0,4128
2023-03-10,4512.0,4992.0,4329.60009765625,4896.0,4849
2023-03-13,4032.0,4416.0,3456.0,4166.39990234375,8896
2023-03-14,3696.0,4224.0,3667.199951171875,4128.0,7455
2023-03-15,4080.0,4128.0,3465.60009765625,3619.199951171875,7189
2023-03-16,4080.0,4108.7998046875,3696.0,3974.39990234375,5822
2023-03-17,4329.60009765625,4454.39990234375,3945.60009765625,4012.800048828125,9506
2023-03-20,4867.2001953125,4876.7998046875,4147.2001953125,4416.0,5386
2023-03-21,4886.39990234375,5260.7998046875,4704.0,4924.7998046875,5437
2023-03-22,4598.39990234375,4896.0,4531.2001953125,4867.2001953125,3164
2023-03-23,3753.60009765625,4723.2001953125,3744.0,4723.2001953125,8508
2023-03-24,3580.800048828125,3878.39990234375,3552.0,3859.199951171875,4878
2023-03-27,3417.60009765625,3840.0,3273.60009765625,3811.199951171875,5794
2023-03-28,3340.800048828125,3475.199951171875,3273.60009765625,3456.0,3435
2023-03-29,3408.0,3715.199951171875,3360.0,3494.39990234375,6038
2023-03-30,3369.60009765625,3878.39990234375,3216.0,3840.0,19110
2023-03-31,3398.39990234375,3446.39990234375,3264.0,3436.800048828125,4767
2023-04-03,2889.60009765625,3436.800048828125,2880.0,3398.39990234375,9229
2023-04-04,2928.0,2995.199951171875,2860.800048828125,2899.199951171875,4849
2023-04-05,2716.800048828125,2908.800048828125,2659.199951171875,2908.800048828125,4613
2023-04-06,2736.0,2841.60009765625,2726.39990234375,2745.60009765625,3151
2023-04-10,2630.39990234375,2784.0,2592.0,2784.0,5724
2023-04-11,2697.60009765625,2880.0,2640.0,2688.0,5609
2023-04-12,2630.39990234375,2880.0,2505.60009765625,2880.0,5700
2023-04-13,2976.0,3177.60009765625,2611.199951171875,2668.800048828125,9723
2023-04-14,2572.800048828125,2764.800048828125,2515.199951171875,2716.800048828125,6938
2023-04-17,2476.800048828125,2803.199951171875,2409.60009765625,2688.0,7928
2023-04-18,2409.60009765625,2534.39990234375,2400.0,2534.39990234375,6201
2023-04-19,2227.199951171875,2409.60009765625,2150.39990234375,2361.60009765625,7019
2023-04-20,2198.39990234375,2304.0,2160.0,2179.199951171875,5192
2023-04-21,2092.800048828125,2227.199951171875,1920.0,2198.39990234375,6072
2023-04-24,1958.4000244140625,2054.39990234375,1920.0,2044.800048828125,4091
2023-04-25,1920.0,1939.199951171875,1737.5999755859375,1929.5999755859375,6313
2023-04-26,1968.0,1996.800048828125,1920.0,1920.0,2472
2023-04-27,1795.199951171875,1996.800048828125,1747.199951171875,1977.5999755859375,3851
2023-04-28,1641.5999755859375,1804.800048828125,1632.0,1785.5999755859375,4799
2023-05-01,1468.800048828125,1680.0,1420.800048828125,1632.0,4553
2023-05-02,1449.5999755859375,1622.4000244140625,1420.800048828125,1555.199951171875,5769
2023-05-03,1699.199951171875,1728.0,1440.0,1478.4000244140625,5710
2023-05-04,2169.60009765625,2198.39990234375,1728.0,1728.0,10934
2023-05-05,2304.0,2486.39990234375,2064.0,2323.199951171875,11763
2023-05-08,2544.0,2572.800048828125,2044.800048828125,2304.0,9058
2023-05-09,2342.39990234375,2486.39990234375,2256.0,2476.800048828125,6094
2023-05-10,1900.800048828125,2630.39990234375,1824.0,2592.0,17918
2023-05-11,1862.4000244140625,2016.0,1814.4000244140625,1872.0,7955
2023-05-12,2332.800048828125,2390.39990234375,1920.0,1939.199951171875,16192
2023-05-15,2611.199951171875,2678.39990234375,2188.800048828125,2419.199951171875,13399
2023-05-16,2390.39990234375,2668.800048828125,2256.0,2496.0,8412
2023-05-17,2448.0,2544.0,2304.0,2332.800048828125,4887
2023-05-18,2102.39990234375,2419.199951171875,2092.800048828125,2371.199951171875,7102
2023-05-19,2140.800048828125,2304.0,2102.39990234375,2179.199951171875,5621
2023-05-22,2150.39990234375,2236.800048828125,2112.0,2217.60009765625,5466
2023-05-23,2236.800048828125,2323.199951171875,2140.800048828125,2160.0,5046
2023-05-24,2073.60009765625,2227.199951171875,2016.0,2227.199951171875,5624
2023-05-25,1987.199951171875,2092.800048828125,1728.0,2054.39990234375,6114
2023-05-26,2112.0,2208.0,2006.4000244140625,2092.800048828125,5555
2023-05-30,2400.0,2438.39990234375,2188.800048828125,2236.800048828125,10263
2023-05-31,2371.199951171875,2620.800048828125,2208.0,2601.60009765625,9499
2023-06-01,2102.39990234375,2294.39990234375,2054.39990234375,2208.0,6852
2023-06-02,2304.0,2380.800048828125,2140.800048828125,2160.0,6631
2023-06-05,2611.199951171875,2678.39990234375,2275.199951171875,2380.800048828125,10586
2023-06-06,3436.800048828125,3571.199951171875,2467.199951171875,2659.199951171875,26413
2023-06-07,3206.39990234375,3936.0,3072.0,3801.60009765625,24772
2023-06-08,2966.39990234375,3264.0,2755.199951171875,3264.0,13660
2023-06-09,3148.800048828125,3216.0,2880.0,2956.800048828125,8524
2023-06-12,3033.60009765625,3369.60009765625,2956.800048828125,3312.0,9929
2023-06-13,3168.0,3254.39990234375,2899.199951171875,2985.60009765625,7701
2023-06-14,3350.39990234375,3360.0,3072.0,3168.0,6734
2023-06-15,3840.0,4012.800048828125,3331.199951171875,3350.39990234375,16650
2023-06-16,4320.0,4694.39990234375,3849.60009765625,3888.0,27785
2023-06-20,2697.60009765625,3196.800048828125,2563.199951171875,2784.0,22520
2023-06-21,2352.0,2688.0,2112.0,2688.0,19601
2023-06-22,2236.800048828125,2313.60009765625,2121.60009765625,2275.199951171875,6268
2023-06-23,2179.199951171875,2342.39990234375,2150.39990234375,2179.199951171875,10595
2023-06-26,2265.60009765625,2515.199951171875,2198.39990234375,2198.39990234375,8370
2023-06-27,2275.199951171875,2419.199951171875,2256.0,2361.60009765625,7813
2023-06-28,2112.0,2352.0,2092.800048828125,2284.800048828125,7307
2023-06-29,2016.0,2112.0,1977.5999755859375,2102.39990234375,6811
2023-06-30,1920.0,2016.0,1881.5999755859375,1977.5999755859375,6732
2023-07-03,2016.0,2092.800048828125,1920.0,1939.199951171875,5094
2023-07-05,1929.5999755859375,2064.0,1900.800048828125,2044.800048828125,6470
2023-07-06,1920.0,1929.5999755859375,1776.0,1852.800048828125,6398
2023-07-07,1872.0,1891.199951171875,1824.0,1862.4000244140625,4477
2023-07-10,1920.0,1929.5999755859375,1824.0,1843.199951171875,5853
2023-07-11,2160.0,2246.39990234375,1900.800048828125,1900.800048828125,9844
2023-07-12,2198.39990234375,2332.800048828125,2112.0,2112.0,6538
2023-07-13,2265.60009765625,2323.199951171875,2160.0,2208.0,3595
2023-07-14,2438.39990234375,2486.39990234375,2169.60009765625,2236.800048828125,6190
2023-07-17,2755.199951171875,2764.800048828125,2428.800048828125,2496.0,9316
2023-07-18,3024.0,3187.199951171875,2649.60009765625,2755.199951171875,13337
2023-07-19,2822.39990234375,3312.0,2716.800048828125,3110.39990234375,15347
2023-07-20,2745.60009765625,2947.199951171875,2659.199951171875,2793.60009765625,4487
2023-07-21,2784.0,2841.60009765625,2544.0,2764.800048828125,4593
2023-07-24,2793.60009765625,2803.199951171875,2592.0,2688.0,3178
2023-07-25,2592.0,2976.0,2515.199951171875,2812.800048828125,4791
2023-07-26,2649.60009765625,2736.0,2544.0,2544.0,2891
2023-07-27,2486.39990234375,2745.60009765625,2457.60009765625,2620.800048828125,3046
2023-07-28,2467.199951171875,2630.39990234375,2380.800048828125,2515.199951171875,4763
2023-07-31,2899.199951171875,2918.39990234375,2601.60009765625,2688.0,8216
2023-08-01,3129.60009765625,3302.39990234375,2947.199951171875,3072.0,11812
2023-08-02,3168.0,3206.39990234375,2812.800048828125,3062.39990234375,5874
2023-08-03,3206.39990234375,3350.39990234375,3004.800048828125,3052.800048828125,4717
2023-08-04,3129.60009765625,3331.199951171875,3091.199951171875,3254.39990234375,4589
2023-08-07,2784.0,3148.800048828125,2745.60009765625,3110.39990234375,6112
2023-08-08,2620.800048828125,2774.39990234375,2601.60009765625,2774.39990234375,3067
2023-08-09,2640.0,2688.0,2438.39990234375,2668.800048828125,3772
2023-08-10,2524.800048828125,2832.0,2476.800048828125,2832.0,3736
2023-08-11,2553.60009765625,2640.0,2428.800048828125,2438.39990234375,2853
2023-08-14,2572.800048828125,2716.800048828125,2496.0,2697.60009765625,3293
2023-08-15,2323.199951171875,2592.0,2265.60009765625,2582.39990234375,4943
2023-08-16,2102.39990234375,2400.0,2083.199951171875,2323.199951171875,5277
2023-08-17,2640.0,2640.0,2121.60009765625,2121.60009765625,6541
2023-08-18,2390.39990234375,2592.0,2313.60009765625,2390.39990234375,4879
2023-08-21,1968.0,2448.0,1920.0,2448.0,10128
2023-08-22,1776.0,2131.199951171875,1708.800048828125,2035.199951171875,10413
2023-08-23,1728.0,1843.199951171875,1632.0,1814.4000244140625,7216
2023-08-24,1776.0,1804.800048828125,1612.800048828125,1699.199951171875,7079
2023-08-25,1497.5999755859375,1948.800048828125,1449.5999755859375,1728.0,12672
2023-08-28,1137.5999755859375,1344.0,1112.8800048828125,1270.800048828125,34293
2023-08-29,1012.7999877929688,1165.199951171875,999.5999755859375,1134.0,29248
2023-08-30,1015.2000122070312,1020.0,861.5999755859375,981.5999755859375,27998
2023-08-31,903.0,1100.4000244140625,900.0,1009.2000122070312,19746
2023-09-01,871.7999877929688,909.5999755859375,842.4000244140625,908.4000244140625,15758
2023-09-05,751.2000122070312,868.7999877929688,744.0,868.7999877929688,24262
2023-09-06,612.0,726.0,608.4000244140625,716.4000244140625,30817
2023-09-07,466.79998779296875,565.2000122070312,463.32000732421875,563.4000244140625,41423
2023-09-08,451.20001220703125,525.5999755859375,416.3999938964844,501.6000061035156,117513
2023-09-11,426.6000061035156,475.20001220703125,420.0,474.0,31316
2023-09-12,465.6000061035156,552.0,405.4800109863281,421.20001220703125,84321
2023-09-13,614.4000244140625,654.0,460.79998779296875,465.6000061035156,176918
2023-09-14,563.4000244140625,627.5999755859375,541.2000122070312,609.5999755859375,80534
2023-09-15,613.2000122070312,693.5999755859375,556.7999877929688,566.4000244140625,146438
2023-09-18,561.5999755859375,624.0,550.7999877929688,609.5999755859375,35233
2023-09-19,492.0,546.0,480.0,500.3999938964844,33897
2023-09-20,468.0,526.7999877929688,462.0,486.0,20098
2023-09-21,439.20001220703125,483.6000061035156,438.0,458.3999938964844,16112
2023-09-22,470.3999938964844,520.7999877929688,445.20001220703125,464.3999938964844,45033
2023-09-25,356.3999938964844,465.6000061035156,353.3999938964844,465.6000061035156,51115
2023-09-26,295.20001220703125,381.6000061035156,294.0,338.3999938964844,48772
2023-09-27,164.39999389648438,259.20001220703125,157.1999969482422,218.39999389648438,164453
2023-09-28,156.0,182.39999389648438,155.39999389648438,170.39999389648438,90408
2023-09-29,159.60000610351562,170.39999389648438,148.8000030517578,156.0,63392
2023-10-02,143.39999389648438,162.0,140.39999389648438,162.0,50881
2023-10-03,142.8000030517578,145.1999969482422,121.19999694824219,144.0,67786
2023-10-04,141.60000610351562,158.39999389648438,138.0,139.1999969482422,33741
2023-10-05,136.8000030517578,148.8000030517578,135.60000610351562,140.39999389648438,26695
2023-10-06,135.60000610351562,139.1999969482422,129.60000610351562,134.39999389648438,32863
2023-10-09,133.1999969482422,135.60000610351562,130.8000030517578,132.0,22726
2023-10-10,145.1999969482422,146.39999389648438,132.0,136.8000030517578,44598
2023-10-11,135.60000610351562,147.47999572753906,129.60000610351562,146.39999389648438,42475
2023-10-12,132.0,138.0,130.8000030517578,138.0,22367
2023-10-13,126.0,132.0,123.5999984741211,129.60000610351562,22175
2023-10-16,129.60000610351562,139.1999969482422,127.19999694824219,133.1999969482422,38311
2023-10-17,165.60000610351562,166.8000030517578,132.0,133.1999969482422,106291
2023-10-18,208.8000030517578,210.0,148.8000030517578,153.60000610351562,169408
2023-10-19,141.60000610351562,206.39999389648438,138.0,194.39999389648438,137383
2023-10-20,140.39999389648438,148.8000030517578,127.19999694824219,144.0,60413
2023-10-23,132.60000610351562,138.60000610351562,132.0,134.39999389648438,24918
2023-10-24,126.0,139.1999969482422,123.5999984741211,138.0,49430
2023-10-25,126.5999984741211,130.1999969482422,123.5999984741211,127.19999694824219,27553
2023-10-26,128.39999389648438,134.39999389648438,123.5999984741211,128.39999389648438,37956
2023-10-27,126.0,130.1999969482422,123.5999984741211,129.60000610351562,21838
2023-10-30,128.39999389648438,133.1999969482422,123.5999984741211,130.8000030517578,35832
2023-10-31,127.19999694824219,130.8000030517578,126.0,129.60000610351562,17535
2023-11-01,127.19999694824219,128.39999389648438,124.80000305175781,127.19999694824219,20616
2023-11-02,133.1999969482422,134.39999389648438,127.80000305175781,128.39999389648438,24584
2023-11-03,134.39999389648438,141.60000610351562,132.0,133.1999969482422,32190
2023-11-06,123.0,140.39999389648438,121.19999694824219,140.39999389648438,42468
2023-11-07,127.80000305175781,130.8000030517578,121.19999694824219,124.80000305175781,19522
2023-11-08,127.19999694824219,134.39999389648438,126.0,127.19999694824219,17141
2023-11-09,113.04000091552734,132.0,111.95999908447266,128.39999389648438,37891
2023-11-10,94.80000305175781,117.0,92.4000015258789,116.4000015258789,75855
2023-11-13,105.12000274658203,106.08000183105469,94.80000305175781,94.80000305175781,53515
2023-11-14,99.4800033569336,108.0,93.5999984741211,103.55999755859375,29800
2023-11-15,81.0,99.0,79.55999755859375,99.0,109561
2023-11-16,62.63999938964844,79.19999694824219,62.400001525878906,79.19999694824219,112516
2023-11-17,68.16000366210938,76.31999969482422,62.63999938964844,63.2400016784668,136822
2023-11-20,66.83999633789062,70.31999969482422,65.16000366210938,69.5999984741211,66516
2023-11-21,61.20000076293945,67.80000305175781,56.400001525878906,66.36000061035156,83276
2023-11-22,58.79999923706055,62.400001525878906,58.20000076293945,61.31999969482422,41683
2023-11-24,59.52000045776367,65.4000015258789,59.400001525878906,63.599998474121094,62913
2023-11-27,53.279998779296875,59.880001068115234,52.79999923706055,59.880001068115234,83258
2023-11-28,54.119998931884766,56.7599983215332,54.0,56.400001525878906,46996
2023-11-29,54.0,56.040000915527344,52.79999923706055,52.79999923706055,56125
2023-11-30,46.439998626708984,54.959999084472656,45.0,54.84000015258789,109012
2023-12-01,45.47999954223633,45.84000015258789,40.79999923706055,45.84000015258789,109416
2023-12-04,42.720001220703125,47.15999984741211,40.91999816894531,46.20000076293945,83810
2023-12-05,37.20000076293945,43.20000076293945,37.20000076293945,42.599998474121094,88821
2023-12-06,31.920000076293945,37.79999923706055,31.68000030517578,36.599998474121094,117423
2023-12-07,30.360000610351562,32.400001525878906,30.0,31.31999969482422,108275
2023-12-08,35.52000045776367,43.79999923706055,28.920000076293945,30.0,744925
2023-12-11,30.959999084472656,39.84000015258789,30.719999313354492,37.20000076293945,241507
2023-12-12,30.479999542236328,31.799999237060547,26.8799991607666,30.600000381469727,130685
2023-12-13,31.68000030517578,34.20000076293945,28.440000534057617,30.0,135288
2023-12-14,31.440000534057617,33.959999084472656,28.920000076293945,28.920000076293945,104339
2023-12-15,32.040000915527344,34.79999923706055,31.559999465942383,32.279998779296875,137624
2023-12-18,33.0,34.31999969482422,31.68000030517578,32.52000045776367,104085
2023-12-19,33.959999084472656,35.52000045776367,32.400001525878906,33.0,97854
2023-12-20,30.719999313354492,35.63999938964844,30.479999542236328,33.720001220703125,87309
2023-12-21,43.68000030517578,45.959999084472656,30.719999313354492,30.719999313354492,277606
2023-12-22,41.52000045776367,47.15999984741211,39.2400016784668,42.959999084472656,172658
2023-12-26,40.68000030517578,53.279998779296875,39.2400016784668,41.279998779296875,255219
2023-12-27,40.20000076293945,45.0,39.599998474121094,41.040000915527344,111064
2023-12-28,31.079999923706055,38.040000915527344,30.1200008392334,36.0,217707
2023-12-29,27.719999313354492,31.799999237060547,27.600000381469727,31.68000030517578,215568
2024-01-02,24.0,29.639999389648438,24.0,29.040000915527344,196899
2024-01-03,21.239999771118164,24.239999771118164,20.399999618530273,24.1200008392334,195279
2024-01-04,20.760000228881836,24.600000381469727,20.639999389648438,23.040000915527344,202553
2024-01-05,19.079999923706055,21.1200008392334,18.600000381469727,20.8799991607666,151207
2024-01-08,22.68000030517578,23.040000915527344,19.200000762939453,19.799999237060547,214445
2024-01-09,21.360000610351562,24.719999313354492,21.0,22.799999237060547,177108
2024-01-10,20.280000686645508,23.280000686645508,19.440000534057617,22.799999237060547,101436
2024-01-11,20.520000457763672,21.239999771118164,19.200000762939453,20.15999984741211,90212
2024-01-12,20.520000457763672,21.360000610351562,20.15999984741211,20.520000457763672,62023
2024-01-16,19.920000076293945,22.559999465942383,19.799999237060547,20.639999389648438,98873
2024-01-17,19.559999465942383,20.15999984741211,19.079999923706055,19.440000534057617,82999
2024-01-18,19.31999969482422,20.8799991607666,19.200000762939453,19.559999465942383,148581
2024-01-19,18.719999313354492,19.799999237060547,18.719999313354492,19.799999237060547,60083
2024-01-22,17.639999389648438,19.799999237060547,17.399999618530273,18.84000015258789,113613
2024-01-23,17.639999389648438,18.0,15.960000038146973,17.8799991607666,104906
2024-01-24,17.399999618530273,18.600000381469727,17.15999984741211,17.760000228881836,59839
2024-01-25,16.31999969482422,17.399999618530273,15.720000267028809,17.280000686645508,81738
2024-01-26,16.559999465942383,17.520000457763672,16.200000762939453,16.31999969482422,39889
2024-01-29,17.639999389648438,18.479999542236328,16.799999237060547,16.920000076293945,76703
2024-01-30,16.920000076293945,18.0,16.799999237060547,18.0,40755
2024-01-31,16.200000762939453,17.15999984741211,16.079999923706055,16.68000030517578,43602
2024-02-01,15.239999771118164,16.31999969482422,15.0,16.31999969482422,78264
2024-02-02,14.15999984741211,15.359999656677246,12.0,15.239999771118164,159410
2024-02-05,12.84000015258789,13.920000076293945,12.359999656677246,13.920000076293945,94195
2024-02-06,12.479999542236328,13.680000305175781,11.520000457763672,13.079999923706055,160992
2024-02-07,10.920000076293945,12.359999656677246,10.800000190734863,12.239999771118164,139762
2024-02-08,10.680000305175781,11.279999732971191,10.079999923706055,11.15999984741211,164188
2024-02-09,10.680000305175781,11.15999984741211,10.4399995803833,10.680000305175781,85068
2024-02-12,9.960000038146973,11.399999618530273,9.600000381469727,11.279999732971191,143602
2024-02-13,8.640000343322754,9.960000038146973,8.399999618530273,9.960000038146973,184703
2024-02-14,7.679999828338623,8.880000114440918,7.440000057220459,8.760000228881836,247364
2024-02-15,13.079999923706055,18.0,7.800000190734863,7.800000190734863,1434787
2024-02-16,11.279999732971191,14.640000343322754,11.15999984741211,12.960000038146973,408548
2024-02-20,9.720000267028809,12.600000381469727,8.399999618530273,11.520000457763672,337126
2024-02-21,8.880000114440918,9.84000015258789,8.399999618530273,9.600000381469727,224818
2024-02-22,9.600000381469727,10.5600004196167,9.119999885559082,9.239999771118164,219638
2024-02-23,10.319999694824219,10.319999694824219,8.880000114440918,9.239999771118164,98738
2024-02-26,9.359999656677246,11.279999732971191,8.760000228881836,10.319999694824219,270008
2024-02-27,9.84000015258789,9.84000015258789,9.0,9.600000381469727,145792
2024-02-28,7.559999942779541,9.84000015258789,7.440000057220459,9.84000015258789,392843
2024-02-29,8.399999618530273,8.399999618530273,7.199999809265137,8.039999961853027,320323
2024-03-01,7.920000076293945,9.399999618530273,6.840000152587891,7.599999904632568,354095
2024-03-04,7.360000133514404,8.239999771118164,7.239999771118164,8.15999984741211,175743
2024-03-05,7.0,7.239999771118164,6.400000095367432,7.199999809265137,340048
2024-03-06,6.519999980926514,7.28000020980835,6.400000095367432,7.159999847412109,243300
2024-03-07,5.920000076293945,6.440000057220459,5.880000114440918,6.400000095367432,229048
2024-03-08,5.320000171661377,5.880000114440918,5.199999809265137,5.840000152587891,335123
2024-03-11,5.159999847412109,5.480000019073486,4.920000076293945,5.400000095367432,195670
2024-03-12,4.039999961853027,5.199999809265137,3.8399999141693115,5.119999885559082,687928
2024-03-13,4.320000171661377,5.480000019073486,4.0,4.0,782665
2024-03-14,4.28000020980835,4.480000019073486,4.039999961853027,4.400000095367432,229480
2024-03-15,3.880000114440918,4.400000095367432,3.8399999141693115,4.28000020980835,259678
2024-03-18,4.199999809265137,4.760000228881836,3.9200000762939453,4.0,425093
2024-03-19,3.680000066757202,4.320000171661377,3.5999999046325684,4.28000020980835,479458
2024-03-20,3.680000066757202,3.799999952316284,3.440000057220459,3.759999990463257,343650
2024-03-21,5.440000057220459,6.0,3.559999942779541,3.680000066757202,2570258
2024-03-22,5.28000020980835,6.920000076293945,5.079999923706055,6.880000114440918,1900280
2024-03-25,4.559999942779541,5.400000095367432,4.039999961853027,5.239999771118164,601035
2024-03-26,4.0,4.800000190734863,4.0,4.559999942779541,473745
2024-03-27,3.799999952316284,4.159999847412109,3.5199999809265137,4.0,481600
2024-03-28,4.0,4.800000190734863,3.5199999809265137,3.799999952316284,555618
2024-04-01,3.799999952316284,4.0,3.5999999046325684,4.0,215170
2024-04-02,3.5999999046325684,3.8399999141693115,3.4800000190734863,3.8399999141693115,362943
2024-04-03,3.5999999046325684,3.8399999141693115,3.559999942779541,3.640000104904175,368630
2024-04-04,3.440000057220459,3.640000104904175,3.2799999713897705,3.5999999046325684,423465
2024-04-05,3.119999885559082,3.4000000953674316,3.119999885559082,3.319999933242798,512195
2024-04-08,3.5999999046325684,4.199999809265137,3.240000009536743,3.359999895095825,1348835
2024-04-09,4.480000019073486,4.599999904632568,3.680000066757202,4.0,1991955
2024-04-10,3.640000104904175,4.360000133514404,3.5999999046325684,4.28000020980835,1055418
2024-04-11,3.319999933242798,3.640000104904175,3.200000047683716,3.640000104904175,588680
2024-04-12,3.200000047683716,3.5999999046325684,3.1600000858306885,3.4000000953674316,616743
2024-04-15,2.880000114440918,3.200000047683716,2.799999952316284,3.200000047683716,588718
2024-04-16,2.640000104904175,2.8399999141693115,2.5999999046325684,2.799999952316284,585593
2024-04-17,2.440000057220459,2.759999990463257,2.440000057220459,2.759999990463257,568675
2024-04-18,2.4800000190734863,2.8399999141693115,2.440000057220459,2.4800000190734863,676603
2024-04-19,2.359999895095825,2.559999942779541,2.240000009536743,2.5199999809265137,742548
2024-04-22,2.240000009536743,2.5999999046325684,2.0399999618530273,2.359999895095825,933595
2024-04-23,2.1600000858306885,2.4800000190734863,2.0,2.2799999713897705,1625015
2024-04-24,2.0,2.200000047683716,1.9199999570846558,2.200000047683716,1495920
2024-04-25,1.9600000381469727,2.0,1.7999999523162842,2.0,773295
2024-04-26,1.8799999952316284,2.0799999237060547,1.840000033378601,2.0,1688188
2024-04-29,1.6799999475479126,1.7999999523162842,1.5199999809265137,1.7999999523162842,2020400
2024-04-30,1.7599999904632568,1.9600000381469727,1.600000023841858,1.6799999475479126,1788473
2024-05-01,1.840000033378601,1.9600000381469727,1.6399999856948853,1.9600000381469727,2003593
2024-05-02,1.600000023841858,1.9600000381469727,1.600000023841858,1.8799999952316284,2912515
2024-05-03,1.6399999856948853,1.7599999904632568,1.5199999809265137,1.6399999856948853,2132318
2024-05-06,1.6399999856948853,1.7599999904632568,1.600000023841858,1.6399999856948853,1728795
2024-05-07,1.7599999904632568,2.0799999237060547,1.6799999475479126,1.9199999570846558,4422883
2024-05-08,1.6799999475479126,1.7200000286102295,1.600000023841858,1.6799999475479126,1488240
2024-05-09,1.6399999856948853,1.6799999475479126,1.559999942779541,1.6799999475479126,1983515
2024-05-10,1.840000033378601,1.9199999570846558,1.600000023841858,1.6799999475479126,2533813
2024-05-13,2.440000057220459,2.799999952316284,1.7999999523162842,1.9199999570846558,7286795
2024-05-14,11.399999618530273,14.399999618530273,3.5999999046325684,4.0,38543268
2024-05-15,28.200000762939453,39.20000076293945,15.520000457763672,23.959999084472656,3366143
2024-05-16,66.0,94.0,30.200000762939453,32.47999954223633,2842525
2024-05-17,41.20000076293945,156.0,36.0,108.0,3275400
2024-05-20,72.0,90.0,48.0,78.4000015258789,17541083
2024-05-21,55.599998474121094,66.4000015258789,49.599998474121094,59.20000076293945,5709205
2024-05-22,44.79999923706055,53.20000076293945,40.0,50.79999923706055,5103348
2024-05-23,47.599998474121094,58.79999923706055,45.20000076293945,47.400001525878906,5028443
2024-05-24,46.400001525878906,54.79999923706055,45.20000076293945,54.400001525878906,2811583
2024-05-28,46.79999923706055,50.0,45.20000076293945,50.0,2532788
2024-05-29,17.760000228881836,35.119998931884766,15.640000343322754,32.79999923706055,10448020
2024-05-30,22.600000381469727,30.559999465942383,17.1200008392334,17.68000030517578,14493603
2024-05-31,23.31999969482422,27.68000030517578,20.239999771118164,26.399999618530273,5596115
2024-06-03,25.0,29.760000228881836,24.399999618530273,28.799999237060547,5721208
2024-06-04,22.280000686645508,23.639999389648438,20.399999618530273,23.639999389648438,2539875
2024-06-05,21.280000686645508,23.799999237060547,18.15999984741211,20.1200008392334,2980805
2024-06-06,21.760000228881836,23.1200008392334,20.0,22.0,4189660
2024-06-07,24.440000534057617,31.399999618530273,23.440000534057617,24.399999618530273,10494198
2024-06-10,22.399999618530273,25.8799991607666,21.040000915527344,25.479999542236328,2085110
2024-06-11,22.399999618530273,23.040000915527344,20.479999542236328,21.84000015258789,1604868
2024-06-12,20.84000015258789,22.440000534057617,20.760000228881836,21.799999237060547,1520603
2024-06-13,20.360000610351562,21.1200008392334,19.280000686645508,21.040000915527344,1383403
2024-06-14,20.600000381469727,23.1200008392334,19.600000381469727,20.040000915527344,1515258
2024-06-17,20.479999542236328,22.079999923706055,20.200000762939453,20.799999237060547,978350
2024-06-18,18.959999084472656,20.399999618530273,18.600000381469727,19.84000015258789,1072570
2024-06-20,16.280000686645508,18.799999237060547,16.0,18.760000228881836,1560565
2024-06-21,15.84000015258789,17.1200008392334,15.239999771118164,16.520000457763672,1074758
2024-06-24,13.039999961853027,15.319999694824219,11.0,15.279999732971191,3113890
2024-06-25,10.600000381469727,11.800000190734863,8.600000381469727,8.760000228881836,4098138
2024-06-26,18.360000610351562,24.0,11.800000190734863,12.119999885559082,16650140
2024-06-27,24.0,27.600000381469727,20.0,24.600000381469727,14392420
2024-06-28,20.280000686645508,23.8799991607666,18.31999969482422,21.280000686645508,4941090
2024-07-01,18.399999618530273,21.520000457763672,18.0,19.639999389648438,2279080
2024-07-02,17.360000610351562,17.799999237060547,15.359999656677246,17.799999237060547,2067933
2024-07-03,16.959999084472656,18.760000228881836,16.600000381469727,16.719999313354492,1362178
2024-07-05,16.0,16.719999313354492,15.479999542236328,16.280000686645508,1181953
2024-07-08,16.600000381469727,16.920000076293945,14.399999618530273,15.800000190734863,1873930
2024-07-09,15.600000381469727,16.799999237060547,15.479999542236328,16.0,1230223
2024-07-10,15.960000038146973,17.559999465942383,15.199999809265137,15.5600004196167,1962823
2024-07-11,16.200000762939453,17.200000762939453,16.0,16.0,1128050
2024-07-12,16.8799991607666,17.600000381469727,16.0,16.1200008392334,1196795
2024-07-15,20.600000381469727,21.8799991607666,16.440000534057617,16.520000457763672,5447928
2024-07-16,19.559999465942383,21.799999237060547,19.360000610351562,20.760000228881836,1960305
2024-07-17,18.440000534057617,19.920000076293945,18.239999771118164,18.799999237060547,1136935
2024-07-18,16.68000030517578,19.079999923706055,16.399999618530273,18.959999084472656,1304785
2024-07-19,16.040000915527344,16.84000015258789,15.600000381469727,16.84000015258789,741478
2024-07-22,15.84000015258789,16.280000686645508,14.479999542236328,16.280000686645508,1294348
2024-07-23,15.479999542236328,16.399999618530273,15.0,15.600000381469727,692865
2024-07-24,14.279999732971191,15.15999984741211,13.880000114440918,15.15999984741211,731775
2024-07-25,14.399999618530273,14.880000114440918,13.039999961853027,13.720000267028809,720938
2024-07-26,14.279999732971191,14.880000114440918,13.720000267028809,14.0,564513
2024-07-29,13.600000381469727,14.279999732971191,12.399999618530273,14.119999885559082,1159178
2024-07-30,12.640000343322754,12.960000038146973,12.239999771118164,12.880000114440918,594298
2024-07-31,14.0,16.280000686645508,13.199999809265137,14.600000381469727,3630968
2024-08-01,12.319999694824219,13.4399995803833,12.119999885559082,13.399999618530273,950198
2024-08-02,12.199999809265137,12.199999809265137,11.199999809265137,12.0,705118
2024-08-05,10.399999618530273,10.760000228881836,9.239999771118164,10.0,1096450
2024-08-06,10.399999618530273,11.119999885559082,10.0,10.800000190734863,791960
2024-08-07,9.119999885559082,10.640000343322754,8.880000114440918,10.399999618530273,754328
2024-08-08,9.399999618530273,10.0,9.0,9.479999542236328,886120
2024-08-09,8.920000076293945,9.520000457763672,8.600000381469727,9.399999618530273,896520
2024-08-12,8.520000457763672,9.239999771118164,7.920000076293945,9.239999771118164,1211620
2024-08-13,7.679999828338623,8.319999694824219,7.599999904632568,8.15999984741211,1006825
2024-08-14,6.71999979019165,7.559999942779541,6.039999961853027,7.519999980926514,1504825
2024-08-15,5.079999923706055,5.480000019073486,4.800000190734863,5.400000095367432,3269903
2024-08-16,5.119999885559082,5.800000190734863,4.880000114440918,5.599999904632568,2742123
2024-08-19,3.990000009536743,4.989999771118164,3.799999952316284,4.869999885559082,5542100
2024-08-20,3.0,3.9700000286102295,2.9000000953674316,3.9700000286102295,6707100
2024-08-21,3.5899999141693115,3.7090001106262207,2.6700000762939453,2.7899999618530273,10380400
2024-08-22,8.039999961853027,8.890000343322754,3.2699999809265137,3.5999999046325684,153400700
2024-08-23,7.230000019073486,11.399999618530273,6.659999847412109,10.5,77861900
2024-08-26,7.579999923706055,7.98199987411499,5.929999828338623,6.579999923706055,26678700
2024-08-27,7.079999923706055,7.809999942779541,6.809999942779541,7.309999942779541,8599300
2024-08-28,6.25,7.230000019073486,6.110000133514404,6.809999942779541,4616100
2024-08-29,5.489999771118164,6.619999885559082,5.360000133514404,6.159999847412109,3873400
2024-08-30,5.025000095367432,5.590000152587891,4.940000057220459,5.460000038146973,4639300
2024-09-03,3.430000066757202,5.090000152587891,3.359999895095825,5.070000171661377,7067400
2024-09-04,5.239999771118164,6.480000019073486,3.450000047683716,3.450000047683716,69569300
2024-09-05,5.210000038146973,6.460000038146973,4.809999942779541,6.039999961853027,20096300
2024-09-06,4.800000190734863,6.519999980926514,4.5,5.980000019073486,20462100
2024-09-09,4.480000019073486,4.550000190734863,4.1519999504089355,4.550000190734863,4143900
2024-09-10,4.190000057220459,4.820000171661377,4.110000133514404,4.349999904632568,4958100
2024-09-11,3.9800000190734863,4.159999847412109,3.865000009536743,4.119999885559082,3290800
2024-09-12,4.039999961853027,4.190000057220459,3.9049999713897705,4.059999942779541,3638600
2024-09-13,3.990000009536743,4.159999847412109,3.9200000762939453,4.0,4026200
2024-09-16,3.6449999809265137,4.019999980926514,3.5999999046325684,4.019999980926514,4025900
2024-09-17,3.559999942779541,3.819999933242798,3.5,3.75,3660200
2024-09-18,3.9200000762939453,4.050000190734863,3.25,3.5199999809265137,6081200
2024-09-19,3.700000047683716,4.130000114440918,3.6600000858306885,4.110000133514404,4672100
2024-09-20,3.369999885559082,3.5299999713897705,3.309999942779541,3.5,4857700
2024-09-23,3.0999999046325684,3.3299999237060547,2.9700000286102295,3.3299999237060547,3704500
2024-09-24,2.940000057220459,3.1410000324249268,2.890000104904175,3.0799999237060547,4053800
2024-09-25,2.744999885559082,2.9100000858306885,2.7100000381469727,2.880000114440918,4077600
2024-09-26,3.009999990463257,3.5999999046325684,2.7899999618530273,2.930000066757202,26677200
2024-09-27,2.7799999713897705,3.0799999237060547,2.759999990463257,3.059999942779541,6606700
2024-09-30,2.869999885559082,3.190000057220459,2.809999942779541,2.8499999046325684,7554300
2024-10-01,2.7899999618530273,2.9049999713897705,2.700000047683716,2.869999885559082,3458500
2024-10-02,2.940000057220459,3.0,2.799999952316284,2.880000114440918,5247300
2024-10-03,2.799999952316284,2.930000066757202,2.691999912261963,2.930000066757202,6193300
2024-10-04,2.700000047683716,2.7899999618530273,2.6500000953674316,2.7699999809265137,3862300
2024-10-07,2.4800000190734863,2.680000066757202,2.434999942779541,2.6500000953674316,5024400
2024-10-08,2.3299999237060547,2.430000066757202,2.2699999809265137,2.359999895095825,4151300
2024-10-09,2.450000047683716,2.950000047683716,2.25,2.3499999046325684,27971300
2024-10-10,2.75,2.950000047683716,2.5,2.6500000953674316,27949200
2024-10-11,2.509999990463257,2.6500000953674316,2.4600000381469727,2.640000104904175,5551600
2024-10-14,2.430000066757202,2.490000009536743,2.3399999141693115,2.4820001125335693,3770000
2024-10-15,2.2799999713897705,2.380000114440918,2.2300000190734863,2.3499999046325684,4066800
2024-10-16,2.309999942779541,2.450000047683716,2.180000066757202,2.2200000286102295,4691100
2024-10-17,2.2300000190734863,2.2799999713897705,2.2100000381469727,2.2699999809265137,2246200
2024-10-18,2.240000009536743,2.319999933242798,2.2100000381469727,2.2300000190734863,2392400
2024-10-21,2.2200000286102295,2.2899999618530273,2.183000087738037,2.2100000381469727,2316300
2024-10-22,2.119999885559082,2.2309999465942383,2.0899999141693115,2.2100000381469727,3272500
2024-10-23,2.0199999809265137,2.1600000858306885,2.0,2.119999885559082,3441000
2024-10-24,2.0,2.069999933242798,1.899999976158142,2.0199999809265137,3315500
2024-10-25,2.1600000858306885,2.509999990463257,2.069999933242798,2.4000000953674316,35789500
2024-10-28,2.240000009536743,2.2799999713897705,2.0199999809265137,2.0999999046325684,6459600
2024-10-29,2.0899999141693115,2.200000047683716,2.0799999237060547,2.1600000858306885,3322400
2024-10-30,2.0299999713897705,2.1600000858306885,2.009999990463257,2.059999942779541,3088200
2024-10-31,2.049999952316284,2.1600000858306885,2.009999990463257,2.1500000953674316,4872700
2024-11-01,2.0199999809265137,2.119999885559082,2.0,2.0799999237060547,3590000
2024-11-04,1.940000057220459,1.9800000190734863,1.809999942779541,1.8899999856948853,3201900
2024-11-05,1.909999966621399,2.0,1.899999976158142,1.940000057220459,2568500
2024-11-06,1.8200000524520874,1.9500000476837158,1.809999942779541,1.899999976158142,4726500
2024-11-07,1.7899999618530273,2.0899999141693115,1.7699999809265137,1.8799999952316284,7846200
2024-11-08,1.6799999475479126,1.7999999523162842,1.659999966621399,1.7899999618530273,5063600
2024-11-11,1.5800000429153442,1.649999976158142,1.559999942779541,1.6019999980926514,6504800
2024-11-12,1.4700000286102295,1.5870000123977661,1.4600000381469727,1.559999942779541,7124200
2024-11-13,1.4199999570846558,1.649999976158142,1.409999966621399,1.6299999952316284,10931900
2024-11-14,1.3799999952316284,1.4600000381469727,1.350000023841858,1.3799999952316284,5026400
2024-11-15,1.2599999904632568,1.3600000143051147,1.2400000095367432,1.3300000429153442,5479900
2024-11-18,1.2799999713897705,1.4800000190734863,1.25,1.25,6646400
2024-11-19,1.2699999809265137,1.3300000429153442,1.2000000476837158,1.2699999809265137,4024800
2024-11-20,1.4700000286102295,1.5850000381469727,1.2599999904632568,1.3289999961853027,16061500
2024-11-21,1.5700000524520874,1.5700000524520874,1.399999976158142,1.5,6641500
2024-11-22,1.5099999904632568,1.5700000524520874,1.4800000190734863,1.5490000247955322,3492200
2024-11-25,1.4199999570846558,1.7000000476837158,1.3899999856948853,1.5499999523162842,9652000
2024-11-26,1.340000033378601,1.4390000104904175,1.284999966621399,1.399999976158142,6498600
2024-11-27,1.2300000190734863,1.3600000143051147,1.2100000381469727,1.309999942779541,6518600
2024-11-29,1.100000023841858,1.225000023841858,0.9929999709129333,1.225000023841858,9127000
2024-12-02,1.1299999952316284,1.1699999570846558,1.100000023841858,1.1100000143051147,4880000
2024-12-03,1.0700000524520874,1.1200000047683716,1.0199999809265137,1.100000023841858,6146300
2024-12-04,1.149999976158142,1.1799999475479126,1.0499999523162842,1.0499999523162842,6450800
2024-12-05,1.2200000286102295,1.25,1.0700000524520874,1.159999966621399,8769900
2024-12-06,1.1799999475479126,1.3049999475479126,1.149999976158142,1.2200000286102295,7259500
2024-12-09,1.350000023841858,1.3799999952316284,1.149999976158142,1.1799999475479126,10755600
2024-12-10,1.2300000190734863,1.2999999523162842,1.2000000476837158,1.2999999523162842,3729700
2024-12-11,1.1799999475479126,1.2450000047683716,1.159999966621399,1.2400000095367432,3071800
2024-12-12,1.1699999570846558,1.2200000286102295,1.1200000047683716,1.1799999475479126,2409200
2024-12-13,1.2400000095367432,1.25,1.1399999856948853,1.149999976158142,2746900
2024-12-16,1.2000000476837158,1.2899999618530273,1.1799999475479126,1.25,3960400
2024-12-17,1.1299999952316284,1.215000033378601,1.1050000190734863,1.2000000476837158,4764200
2024-12-18,1.090000033378601,1.159999966621399,1.0549999475479126,1.100000023841858,4438900
2024-12-19,1.100000023841858,1.1299999952316284,1.0700000524520874,1.100000023841858,2793100
2024-12-20,1.159999966621399,1.1799999475479126,1.059999942779541,1.100000023841858,4661600
2024-12-23,1.1100000143051147,1.350000023841858,1.090000033378601,1.2899999618530273,22134700
2024-12-24,1.2400000095367432,1.309999942779541,1.100000023841858,1.100000023841858,7874900
2024-12-26,1.3200000524520874,1.3899999856948853,1.2100000381469727,1.2100000381469727,11446300
2024-12-27,1.7599999904632568,1.7699999809265137,1.3250000476837158,1.409999966621399,32822000
2024-12-30,3.140000104904175,3.240000009536743,2.190000057220459,2.2850000858306885,159235700
2024-12-31,2.430000066757202,4.460000038146973,2.115000009536743,4.21999979019165,159522900
2025-01-02,3.690000057220459,3.819999933242798,2.5799999237060547,2.799999952316284,93167000
2025-01-03,3.180000066757202,3.4700000286102295,2.950000047683716,3.0799999237060547,37577100
2025-01-06,2.4100000858306885,3.0899999141693115,2.240000009536743,3.059999942779541,41546300
2025-01-07,2.1500000953674316,2.700000047683716,2.0999999046325684,2.4200000762939453,24817600
2025-01-08,2.0799999237060547,2.134999990463257,1.8550000190734863,2.130000114440918,18436700
2025-01-10,1.559999942779541,1.9800000190734863,1.5399999618530273,1.909999966621399,18261300
2025-01-13,1.4299999475479126,1.840000033378601,1.3600000143051147,1.590000033378601,20335800
2025-01-14,1.399999976158142,1.5549999475479126,1.3799999952316284,1.4800000190734863,8562000
2025-01-15,1.5499999523162842,1.659999966621399,1.4299999475479126,1.4299999475479126,13760900
2025-01-16,1.5299999713897705,1.6399999856948853,1.4700000286102295,1.5549999475479126,7561600
2025-01-17,1.5099999904632568,1.649999976158142,1.4900000095367432,1.5499999523162842,7538000
2025-01-21,1.4700000286102295,1.5399999618530273,1.4199999570846558,1.5,7470400
2025-01-22,1.4199999570846558,1.5,1.399999976158142,1.4700000286102295,5603900
2025-01-23,1.409999966621399,1.440000057220459,1.3600000143051147,1.409999966621399,3873800
2025-01-24,1.4500000476837158,1.6200000047683716,1.399999976158142,1.4249999523162842,9961600
2025-01-27,1.3600000143051147,1.5,1.2999999523162842,1.5,7851600
2025-01-28,1.350000023841858,1.3799999952316284,1.3200000524520874,1.3650000095367432,9894000
2025-01-29,1.3700000047683716,1.5399999618530273,1.3600000143051147,1.5149999856948853,28883100
2025-01-30,1.25,1.399999976158142,1.2000000476837158,1.3799999952316284,14785000
2025-01-31,1.3200000524520874,1.340000033378601,1.2000000476837158,1.2000000476837158,7300900
2025-02-03,1.3200000524520874,1.3799999952316284,1.2300000190734863,1.25,5738200
2025-02-04,1.3700000047683716,1.399999976158142,1.2799999713897705,1.2999999523162842,5540200
2025-02-05,1.3899999856948853,1.4199999570846558,1.3300000429153442,1.350000023841858,6515800
2025-02-06,1.3300000429153442,1.4199999570846558,1.2899999618530273,1.3990000486373901,4563300
2025-02-07,1.309999942779541,1.350000023841858,1.2799999713897705,1.2999999523162842,3535500
2025-02-10,1.5199999809265137,1.5399999618530273,1.3350000381469727,1.340000033378601,13606200
2025-02-11,1.409999966621399,1.5099999904632568,1.399999976158142,1.475000023841858,4841400
2025-02-12,1.4600000381469727,1.4900000095367432,1.3700000047683716,1.3899999856948853,3336400
2025-02-13,1.7699999809265137,1.809999942779541,1.440000057220459,1.4700000286102295,21432500
2025-02-14,1.600000023841858,2.0199999809265137,1.590000033378601,1.9500000476837158,36756900
2025-02-18,1.5800000429153442,1.600000023841858,1.4900000095367432,1.5700000524520874,7256600
2025-02-19,1.7300000190734863,1.8600000143051147,1.5700000524520874,1.6699999570846558,20366800
2025-02-20,1.659999966621399,1.7300000190734863,1.6299999952316284,1.7100000381469727,7586900
2025-02-21,1.600000023841858,1.8200000524520874,1.5700000524520874,1.690000057220459,10641000
2025-02-24,1.4900000095367432,1.565000057220459,1.4600000381469727,1.5499999523162842,6529700
2025-02-25,1.3700000047683716,1.5,1.315000057220459,1.4800000190734863,7366800
2025-02-26,1.3899999856948853,1.4700000286102295,1.3600000143051147,1.434999942779541,4371400
2025-02-27,1.3700000047683716,1.4299999475479126,1.340000033378601,1.399999976158142,3733800
2025-02-28,1.3600000143051147,1.399999976158142,1.3300000429153442,1.350000023841858,3049800
2025-03-03,1.2999999523162842,1.4700000286102295,1.2799999713897705,1.378999948501587,4601700
2025-03-04,1.309999942779541,1.3600000143051147,1.2400000095367432,1.2799999713897705,4158300
2025-03-05,1.3799999952316284,1.4500000476837158,1.2999999523162842,1.309999942779541,4563600
2025-03-06,1.3200000524520874,1.3899999856948853,1.2999999523162842,1.3600000143051147,3662000
2025-03-07,1.4500000476837158,1.4500000476837158,1.2799999713897705,1.3250000476837158,4080300
2025-03-10,1.2599999904632568,1.4800000190734863,1.2400000095367432,1.3799999952316284,3903500
2025-03-11,1.2899999618530273,1.309999942779541,1.2100000381469727,1.274999976158142,4736600
2025-03-12,1.2899999618530273,1.315000057220459,1.1799999475479126,1.315000057220459,5849000
2025-03-13,1.2300000190734863,1.2899999618530273,1.2000000476837158,1.2799999713897705,3257100
2025-03-14,1.2999999523162842,1.2999999523162842,1.2100000381469727,1.25,4261800
2025-03-17,1.2599999904632568,1.3200000524520874,1.25,1.2999999523162842,3429300
2025-03-18,1.2100000381469727,1.25,1.2000000476837158,1.25,4147400
2025-03-19,1.2400000095367432,1.25,1.1799999475479126,1.225000023841858,5736400
2025-03-20,1.2899999618530273,1.3600000143051147,1.2109999656677246,1.2400000095367432,7126000
2025-03-21,1.2599999904632568,1.2899999618530273,1.25,1.25,3332100
2025-03-24,1.3799999952316284,1.4199999570846558,1.2300000190734863,1.2699999809265137,9170300
2025-03-25,1.309999942779541,1.5099999904632568,1.25,1.5099999904632568,28267100
2025-03-26,1.2899999618530273,1.3799999952316284,1.2699999809265137,1.309999942779541,6955600
2025-03-27,1.2799999713897705,1.2899999618530273,1.2200000286102295,1.2799999713897705,5784900
2025-03-28,1.2100000381469727,1.2599999904632568,1.184999942779541,1.2549999952316284,6529300
2025-03-31,1.1299999952316284,1.1799999475479126,1.065000057220459,1.1799999475479126,6863900
2025-04-01,1.1299999952316284,1.1699999570846558,1.100000023841858,1.1449999809265137,2574300
2025-04-02,1.1799999475479126,1.2000000476837158,1.0800000429153442,1.1299999952316284,5621300
2025-04-03,1.1100000143051147,1.159999966621399,1.100000023841858,1.1200000047683716,3009900
2025-04-04,1.1100000143051147,1.1200000047683716,0.9850000143051147,1.0700000524520874,5768800
2025-04-07,1.0800000429153442,1.149999976158142,1.0199999809265137,1.0199999809265137,4639200
2025-04-08,1.0,1.128999948501587,0.9800000190734863,1.090000033378601,6561500
2025-04-09,1.100000023841858,1.100000023841858,0.9800000190734863,0.9980000257492065,5370400
2025-04-10,1.0399999618530273,1.090000033378601,1.0099999904632568,1.0800000429153442,4114900
2025-04-11,1.0299999713897705,1.065000057220459,1.0149999856948853,1.0299999713897705,3622800
2025-04-14,1.0499999523162842,1.0700000524520874,1.0199999809265137,1.0449999570846558,3002300
2025-04-15,1.0199999809265137,1.059999942779541,1.0,1.0449999570846558,2678900
2025-04-16,0.8650000095367432,1.0099999904632568,0.8500000238418579,0.9900000095367432,10889000
2025-04-17,0.9290000200271606,0.9739999771118164,0.8820000290870667,0.9070000052452087,14751000
2025-04-21,0.8690000176429749,0.9160000085830688,0.8399999737739563,0.9070000052452087,5536500
2025-04-22,0.8659999966621399,0.8949999809265137,0.8309999704360962,0.8799999952316284,3363700
2025-04-23,0.8980000019073486,0.9300000071525574,0.8799999952316284,0.8899999856948853,6168400
2025-04-24,1.1399999856948853,1.1799999475479126,0.8999999761581421,0.9020000100135803,18542800
2025-04-25,1.0499999523162842,1.1799999475479126,1.0199999809265137,1.1799999475479126,12300900
2025-04-28,1.309999942779541,1.3799999952316284,1.1299999952316284,1.1399999856948853,27586500
2025-04-29,1.2999999523162842,1.3600000143051147,1.1799999475479126,1.2799999713897705,12045700
2025-04-30,1.25,1.3799999952316284,1.159999966621399,1.375,16344600
2025-05-01,1.190000057220459,1.2899999618530273,1.1699999570846558,1.2599999904632568,6867100
2025-05-02,1.1699999570846558,1.274999976158142,1.159999966621399,1.190000057220459,9292800
2025-05-05,1.1200000047683716,1.25,1.1100000143051147,1.190000057220459,8184300
2025-05-06,1.1100000143051147,1.1699999570846558,1.0800000429153442,1.1200000047683716,4727300
2025-05-07,1.1399999856948853,1.159999966621399,1.090000033378601,1.125,6620300
2025-05-08,1.2200000286102295,1.2300000190734863,1.1200000047683716,1.1649999618530273,7201600
2025-05-09,1.190000057220459,1.2200000286102295,1.1449999809265137,1.2100000381469727,6043100
2025-05-12,1.2400000095367432,1.2699999809265137,1.2000000476837158,1.2300000190734863,6998600
2025-05-13,1.1799999475479126,1.2599999904632568,1.1699999570846558,1.2350000143051147,5004600
2025-05-14,1.149999976158142,1.2200000286102295,1.1399999856948853,1.1799999475479126,5231900
2025-05-15,1.1399999856948853,1.149999976158142,1.090000033378601,1.149999976158142,4089800
2025-05-16,1.149999976158142,1.159999966621399,1.1200000047683716,1.149999976158142,2424900
2025-05-19,1.1299999952316284,1.149999976158142,1.100000023841858,1.1200000047683716,2997200
2025-05-20,1.1399999856948853,1.2000000476837158,1.1100000143051147,1.1349999904632568,4927000
2025-05-21,1.100000023841858,1.1399999856948853,1.0800000429153442,1.1299999952316284,2731700
2025-05-22,1.1299999952316284,1.149999976158142,1.090000033378601,1.1200000047683716,3407400
2025-05-23,1.190000057220459,1.2200000286102295,1.1200000047683716,1.1299999952316284,5944100
2025-05-27,1.2200000286102295,1.2400000095367432,1.149999976158142,1.2100000381469727,6313000
2025-05-28,1.3200000524520874,1.409999966621399,1.215000033378601,1.2300000190734863,16795200
2025-05-29,1.2400000095367432,1.4199999570846558,1.2300000190734863,1.3799999952316284,6739200
2025-05-30,1.149999976158142,1.2690000534057617,1.1399999856948853,1.2300000190734863,6951100
2025-06-02,1.190000057220459,1.2400000095367432,1.149999976158142,1.1699999570846558,4175800
2025-06-03,1.2100000381469727,1.2899999618530273,1.2000000476837158,1.2100000381469727,5323000
2025-06-04,1.2899999618530273,1.2999999523162842,1.1799999475479126,1.2200000286102295,6840600
2025-06-05,1.2300000190734863,1.340000033378601,1.2000000476837158,1.2999999523162842,5851800
2025-06-06,1.2400000095367432,1.2999999523162842,1.2200000286102295,1.2400000095367432,4415900
2025-06-09,1.4800000190734863,1.5,1.274999976158142,1.2799999713897705,13186900
2025-06-10,1.4900000095367432,1.590000033378601,1.4700000286102295,1.4800000190734863,11427500
2025-06-11,1.7200000286102295,1.7999999523162842,1.5299999713897705,1.5299999713897705,19791500
2025-06-12,1.5299999713897705,1.9500000476837158,1.5099999904632568,1.8300000429153442,23559700
2025-06-13,1.5,1.6399999856948853,1.5,1.5549999475479126,9910800
2025-06-16,1.6799999475479126,1.7899999618530273,1.5399999618530273,1.565000057220459,16116200
2025-06-17,1.5,1.7100000381469727,1.5,1.6799999475479126,8602300
2025-06-18,1.5099999904632568,1.5950000286102295,1.5,1.5399999618530273,6478900
2025-06-20,1.399999976158142,1.5499999523162842,1.3700000047683716,1.5099999904632568,11367000
2025-06-23,1.3799999952316284,1.4900000095367432,1.350000023841858,1.4149999618530273,9544700
2025-06-24,1.4199999570846558,1.4600000381469727,1.3899999856948853,1.4249999523162842,6443300
2025-06-25,1.5299999713897705,1.5499999523162842,1.4299999475479126,1.4500000476837158,9115900
2025-06-26,1.5399999618530273,1.6399999856948853,1.5,1.5199999809265137,8824100
2025-06-27,1.4700000286102295,1.590000033378601,1.4299999475479126,1.559999942779541,18851000
2025-06-30,1.6799999475479126,1.7300000190734863,1.4700000286102295,1.5,14893600
2025-07-01,1.7100000381469727,1.8200000524520874,1.600000023841858,1.659999966621399,13614500
2025-07-02,1.6299999952316284,1.7400000095367432,1.600000023841858,1.7000000476837158,7775700
2025-07-03,1.8899999856948853,1.899999976158142,1.6299999952316284,1.6299999952316284,12169700
2025-07-07,1.899999976158142,1.9900000095367432,1.8229999542236328,1.875,14635000
2025-07-08,1.9299999475479126,2.190000057220459,1.8600000143051147,1.9249999523162842,20590900
2025-07-09,1.7799999713897705,1.9600000381469727,1.7400000095367432,1.9600000381469727,12650600
2025-07-10,1.7400000095367432,1.7999999523162842,1.7000000476837158,1.7450000047683716,7448600
2025-07-11,1.75,1.8899999856948853,1.725000023841858,1.7400000095367432,10852600
2025-07-14,2.0399999618530273,2.059999942779541,1.774999976158142,1.7999999523162842,15955000
2025-07-15,2.0299999713897705,2.1500000953674316,1.9500000476837158,2.049999952316284,14664400
2025-07-16,2.259999990463257,2.309999942779541,1.9800000190734863,2.0450000762939453,21947000
2025-07-17,2.4800000190734863,2.5299999713897705,2.140000104904175,2.259999990463257,27848300
2025-07-18,1.9199999570846558,2.440000057220459,1.909999966621399,2.440000057220459,35470100
2025-07-21,2.049999952316284,2.1500000953674316,2.009999990463257,2.049999952316284,16098000
2025-07-22,2.940000057220459,3.190000057220459,2.049999952316284,2.0799999237060547,117878900
2025-07-23,2.740000009536743,3.109999895095825,2.569999933242798,2.9200000762939453,39688600
2025-07-24,3.0,3.609999895095825,2.880000114440918,2.9049999713897705,63648300
2025-07-25,2.9100000858306885,3.309999942779541,2.7699999809265137,3.259999990463257,29756400
2025-07-28,2.690000057220459,2.984999895095825,2.609999895095825,2.9200000762939453,19722600
2025-07-29,2.369999885559082,2.7100000381469727,2.3299999237060547,2.694999933242798,18544400
2025-07-30,2.3399999141693115,2.569999933242798,2.2200000286102295,2.240000009536743,18188200
2025-07-31,2.130000114440918,2.4700000286102295,2.072000026702881,2.3499999046325684,18834800
2025-08-01,2.009999990463257,2.2149999141693115,2.0,2.2149999141693115,12876100
2025-08-04,2.4100000858306885,2.5,2.0899999141693115,2.119999885559082,26947700
2025-08-05,2.319999933242798,2.440000057220459,2.2699999809265137,2.424999952316284,13161900
2025-08-06,2.2899999618530273,2.3299999237060547,2.1600000858306885,2.319999933242798,8790300
2025-08-07,2.3499999046325684,2.5399999618530273,2.2850000858306885,2.3299999237060547,12288400
2025-08-08,2.4700000286102295,2.569999933242798,2.369999885559082,2.380000114440918,9855600
2025-08-11,2.4600000381469727,2.5799999237060547,2.2699999809265137,2.3299999237060547,15330100
2025-08-12,2.5799999237060547,2.640000104904175,2.450000047683716,2.5,12032700
2025-08-13,2.759999990463257,2.7699999809265137,2.5910000801086426,2.619999885559082,12342800
2025-08-14,3.0,3.049999952316284,2.6700000762939453,2.7149999141693115,18574800
2025-08-15,2.7699999809265137,2.990000009536743,2.7100000381469727,2.9649999141693115,15625600
2025-08-18,2.5799999237060547,2.9600000381469727,2.4800000190734863,2.869999885559082,22186100
2025-08-19,2.494999885559082,2.691999912261963,2.490000009536743,2.5,9193200
2025-08-20,2.3299999237060547,2.450000047683716,2.2699999809265137,2.444999933242798,12920400
2025-08-21,2.200000047683716,2.315000057220459,2.1500000953674316,2.299999952316284,10361700
2025-08-22,2.4600000381469727,2.4700000286102295,2.2049999237060547,2.2699999809265137,16260400
2025-08-25,2.4100000858306885,2.4700000286102295,2.319999933242798,2.4100000858306885,11090900
2025-08-26,2.2899999618530273,2.4200000762939453,2.25,2.390000104904175,10180200
2025-08-27,2.380000114440918,2.5,2.3499999046325684,2.390000104904175,11072300
2025-08-28,2.380000114440918,2.430000066757202,2.2950000762939453,2.380000114440918,7618400
2025-08-29,2.2300000190734863,2.4100000858306885,2.200000047683716,2.369999885559082,9772900
2025-09-02,2.0799999237060547,2.2200000286102295,2.0299999713897705,2.1600000858306885,12983100
2025-09-03,2.0899999141693115,2.0999999046325684,2.0,2.0999999046325684,9457200
2025-09-04,1.909999966621399,2.1080000400543213,1.899999976158142,2.0999999046325684,12675300
2025-09-05,1.809999942779541,2.0199999809265137,1.774999976158142,1.8899999856948853,15886900
2025-09-08,1.75,1.8700000047683716,1.6699999570846558,1.809999942779541,15168700
2025-09-09,1.6200000047683716,1.7699999809265137,1.5800000429153442,1.75,14343800
2025-09-10,1.6699999570846558,1.9199999570846558,1.6699999570846558,1.7999999523162842,22618000
2025-09-11,1.8799999952316284,1.909999966621399,1.6299999952316284,1.6449999809265137,25067500
2025-09-12,1.7200000286102295,1.8200000524520874,1.690000057220459,1.7999999523162842,13209400
2025-09-15,1.7350000143051147,1.7999999523162842,1.7300000190734863,1.7300000190734863,5522800
2025-09-16,1.7400000095367432,1.75,1.6200000047683716,1.7200000286102295,8441700
2025-09-17,1.7000000476837158,1.7999999523162842,1.6699999570846558,1.7100000381469727,13346400
2025-09-18,1.6799999475479126,1.7300000190734863,1.649999976158142,1.7000000476837158,8929200
2025-09-19,1.7699999809265137,1.8049999475479126,1.6699999570846558,1.7100000381469727,14890600
2025-09-22,1.649999976158142,1.75,1.590000033378601,1.7300000190734863,18098600
2025-09-23,1.6399999856948853,1.7400000095367432,1.6200000047683716,1.6449999809265137,9448100
2025-09-24,1.649999976158142,1.7100000381469727,1.6399999856948853,1.6549999713897705,7699700
2025-09-25,1.5099999904632568,1.6399999856948853,1.4800000190734863,1.625,16614900
2025-09-26,1.3799999952316284,1.5399999618530273,1.3700000047683716,1.5299999713897705,14647700
2025-09-29,1.350000023841858,1.409999966621399,1.315000057220459,1.409999966621399,12238700
2025-09-30,1.2999999523162842,1.3600000143051147,1.2799999713897705,1.315000057220459,8940400
2025-10-01,1.3700000047683716,1.399999976158142,1.2699999809265137,1.2899999618530273,9032000
2025-10-02,1.409999966621399,1.4500000476837158,1.3509999513626099,1.3899999856948853,9499100
2025-10-03,1.5399999618530273,1.559999942779541,1.399999976158142,1.4199999570846558,13533500
2025-10-06,1.6200000047683716,1.6799999475479126,1.559999942779541,1.590000033378601,11861000
2025-10-07,1.4700000286102295,1.6399999856948853,1.4500000476837158,1.6349999904632568,10229800
2025-10-08,1.5099999904632568,1.5800000429153442,1.5,1.5,6436200
2025-10-09,1.440000057220459,1.534999966621399,1.3799999952316284,1.5199999809265137,11002100
2025-10-10,1.350000023841858,1.437999963760376,1.350000023841858,1.4199999570846558,7364000
2025-10-13,1.4800000190734863,1.5,1.3899999856948853,1.3899999856948853,7023900
2025-10-14,1.5,1.5199999809265137,1.399999976158142,1.4199999570846558,6437100
2025-10-15,1.4700000286102295,1.5199999809265137,1.4299999475479126,1.5,3507400
2025-10-16,1.409999966621399,1.5700000524520874,1.399999976158142,1.4700000286102295,6401700
2025-10-17,1.350000023841858,1.409999966621399,1.3300000429153442,1.409999966621399,7279800
2025-10-20,1.4600000381469727,1.4850000143051147,1.378999948501587,1.3799999952316284,5280800
2025-10-21,1.399999976158142,1.4600000381469727,1.3700000047683716,1.4600000381469727,5547600
2025-10-22,1.3799999952316284,1.4299999475479126,1.3300000429153442,1.3899999856948853,5202900
2025-10-23,1.440000057220459,1.4500000476837158,1.3650000095367432,1.399999976158142,3403900
2025-10-24,1.4900000095367432,1.5199999809265137,1.4600000381469727,1.4800000190734863,6180600
2025-10-27,1.5499999523162842,1.5700000524520874,1.4500000476837158,1.5399999618530273,6843700
2025-10-28,1.4299999475479126,1.5700000524520874,1.4199999570846558,1.559999942779541,6290900
2025-10-29,1.3700000047683716,1.4500000476837158,1.3600000143051147,1.440000057220459,5373100
2025-10-30,1.350000023841858,1.409999966621399,1.350000023841858,1.3700000047683716,4426900
2025-10-31,1.3799999952316284,1.3899999856948853,1.3300000429153442,1.3849999904632568,3996000
2025-11-03,1.309999942779541,1.4179999828338623,1.2899999618530273,1.3849999904632568,6488000
2025-11-04,1.2400000095367432,1.309999942779541,1.2200000286102295,1.2799999713897705,7237400
2025-11-05,1.2699999809265137,1.2899999618530273,1.2300000190734863,1.2400000095367432,5032600
2025-11-06,1.159999966621399,1.2599999904632568,1.159999966621399,1.2599999904632568,8203200
2025-11-07,1.190000057220459,1.2050000429153442,1.0850000381469727,1.1399999856948853,8456400
2025-11-10,1.159999966621399,1.2300000190734863,1.1100000143051147,1.2050000429153442,6314800
2025-11-11,1.1200000047683716,1.1699999570846558,1.1100000143051147,1.159999966621399,4842600
2025-11-12,1.1100000143051147,1.149999976158142,1.0800000429153442,1.1200000047683716,4727700
2025-11-13,1.059999942779541,1.2200000286102295,1.0299999713897705,1.1299999952316284,11702800
2025-11-14,1.0099999904632568,1.090000033378601,1.0,1.0,7316800
2025-11-17,1.0199999809265137,1.1180000305175781,0.9419999718666077,1.0199999809265137,11933800
2025-11-18,1.1100000143051147,1.149999976158142,1.0,1.065000057220459,6877900
2025-11-19,1.0199999809265137,1.149999976158142,1.0199999809265137,1.149999976158142,5783200
2025-11-20,1.0399999618530273,1.1100000143051147,1.0299999713897705,1.0499999523162842,6768100
2025-11-21,1.1200000047683716,1.1349999904632568,1.0099999904632568,1.0299999713897705,6888500
2025-11-24,1.1799999475479126,1.190000057220459,1.1200000047683716,1.125,5468800
2025-11-25,1.149999976158142,1.1699999570846558,1.1200000047683716,1.159999966621399,3765700
2025-11-26,1.1799999475479126,1.2000000476837158,1.13100004196167,1.149999976158142,4586500
2025-11-28,1.149999976158142,1.2200000286102295,1.125,1.1799999475479126,4757300
2025-12-01,1.0499999523162842,1.1299999952316284,1.0499999523162842,1.1200000047683716,4704400
2025-12-02,1.0700000524520874,1.1100000143051147,1.0499999523162842,1.059999942779541,3784900
2025-12-03,1.1100000143051147,1.1100000143051147,1.059999942779541,1.0700000524520874,3209100
2025-12-04,1.2000000476837158,1.2000000476837158,1.100000023841858,1.1150000095367432,6634200
2025-12-05,1.1299999952316284,1.190000057220459,1.1150000095367432,1.190000057220459,4563800
2025-12-08,1.149999976158142,1.2100000381469727,1.1399999856948853,1.159999966621399,5014100
2025-12-09,1.1699999570846558,1.1699999570846558,1.090000033378601,1.149999976158142,5541200
2025-12-10,1.159999966621399,1.1799999475479126,1.1200000047683716,1.159999966621399,4375500
2025-12-11,1.1100000143051147,1.1449999809265137,1.100000023841858,1.1399999856948853,3678400
2025-12-12,1.0700000524520874,1.1299999952316284,1.059999942779541,1.1200000047683716,4649500
2025-12-15,1.059999942779541,1.090000033378601,1.0199999809265137,1.090000033378601,3984100
2025-12-16,1.0800000429153442,1.1200000047683716,1.0499999523162842,1.0499999523162842,3141600
2025-12-17,1.0299999713897705,1.1200000047683716,1.0199999809265137,1.090000033378601,4900400
2025-12-18,1.090000033378601,1.149999976158142,1.0499999523162842,1.0499999523162842,5768500
2025-12-19,1.1200000047683716,1.149999976158142,1.090000033378601,1.1100000143051147,11331400
2025-12-22,1.2300000190734863,1.309999942779541,1.149999976158142,1.149999976158142,12472000
2025-12-23,1.190000057220459,1.2899999618530273,1.1699999570846558,1.2350000143051147,5941400
2025-12-24,1.190000057220459,1.2100000381469727,1.149999976158142,1.190000057220459,2512600
2025-12-26,1.1200000047683716,1.184999942779541,1.1200000047683716,1.1699999570846558,3138900
2025-12-29,1.0800000429153442,1.1399999856948853,1.0800000429153442,1.1100000143051147,4320300
2025-12-30,1.0299999713897705,1.100000023841858,1.0199999809265137,1.090000033378601,7639400
2025-12-31,1.0199999809265137,1.0499999523162842,1.0099999904632568,1.0399999618530273,6692300
2026-01-02,1.0700000524520874,1.100000023841858,1.0299999713897705,1.0399999618530273,5559000
2026-01-05,1.190000057220459,1.2699999809265137,1.1100000143051147,1.1200000047683716,15795700
2026-01-06,1.2599999904632568,1.2899999618530273,1.190000057220459,1.215000033378601,8913400
2026-01-07,1.2300000190734863,1.3300000429153442,1.225000023841858,1.2999999523162842,5928700
2026-01-08,1.1100000143051147,1.1790000200271606,1.1100000143051147,1.1549999713897705,8216200
2026-01-09,1.090000033378601,1.1299999952316284,1.0800000429153442,1.1200000047683716,5499100
2026-01-12,1.100000023841858,1.1399999856948853,1.090000033378601,1.1100000143051147,4511400
2026-01-13,1.090000033378601,1.125,1.0800000429153442,1.100000023841858,3728500
2026-01-14,1.0800000429153442,1.100000023841858,1.0499999523162842,1.0950000286102295,4142100
2026-01-15,1.0700000524520874,1.0800000429153442,1.0499999523162842,1.0700000524520874,5340500
2026-01-16,1.059999942779541,1.0880000591278076,1.0399999618530273,1.0800000429153442,9569900
2026-01-20,1.0099999904632568,1.059999942779541,1.0099999904632568,1.0399999618530273,7949200
2026-01-21,1.0399999618530273,1.059999942779541,1.0,1.0299999713897705,5892900
2026-01-22,1.0299999713897705,1.059999942779541,1.0099999904632568,1.0299999713897705,4639900
2026-01-23,1.0199999809265137,1.0499999523162842,1.0099999904632568,1.0399999618530273,3272600
2026-01-26,1.0499999523162842,1.1200000047683716,1.0499999523162842,1.0950000286102295,10855800
2026-01-27,1.0199999809265137,1.0700000524520874,1.0099999904632568,1.0700000524520874,7173900
2026-01-28,1.0399999618530273,1.059999942779541,1.0199999809265137,1.0299999713897705,5681300
2026-01-29,1.0099999904632568,1.0499999523162842,1.0,1.0499999523162842,10991700
2026-01-30,1.0399999618530273,1.059999942779541,1.0099999904632568,1.0149999856948853,8132500
2026-02-02,1.059999942779541,1.0800000429153442,1.0,1.0299999713897705,12161800
2026-02-03,1.0700000524520874,1.090000033378601,1.0199999809265137,1.059999942779541,6796900
2026-02-04,1.0399999618530273,1.1200000047683716,1.0099999904632568,1.0850000381469727,9763400
2026-02-05,0.8209999799728394,1.0199999809265137,0.6359999775886536,1.0199999809265137,34035900
2026-02-06,0.7699999809265137,0.8650000095367432,0.6800000071525574,0.8410000205039978,22754900
2026-02-09,0.746999979019165,0.8399999737739563,0.7200000286102295,0.800000011920929,24526500
2026-02-10,0.7020000219345093,0.8080000281333923,0.7020000219345093,0.7609999775886536,14049800
2026-02-11,0.6499999761581421,0.7289999723434448,0.6299999952316284,0.7099999785423279,17880800
2026-02-12,0.6240000128746033,0.6610000133514404,0.6000000238418579,0.6570000052452087,16940900
2026-02-13,0.6100000143051147,0.6549999713897705,0.6100000143051147,0.628000020980835,9328000
2026-02-17,0.5440000295639038,0.6299999952316284,0.5350000262260437,0.6190000176429749,28063100
2026-02-18,0.515999972820282,0.5950000286102295,0.5109999775886536,0.5540000200271606,21538700
2026-02-19,0.48899999260902405,0.5370000004768372,0.4699999988079071,0.5360000133514404,16660700
2026-02-20,0.44699999690055847,0.48500001430511475,0.4390000104904175,0.48500001430511475,19728800
2026-02-23,0.5249999761581421,0.6140000224113464,0.46399998664855957,0.4690000116825104,67624100
2026-02-24,0.4970000088214874,0.546999990940094,0.4699999988079071,0.5379999876022339,24088700
2026-02-25,0.5619999766349792,0.5839999914169312,0.5,0.5059999823570251,21749300
2026-02-26,0.5149999856948853,0.5509999990463257,0.5040000081062317,0.550000011920929,11905200
2026-02-27,0.49000000953674316,0.5139999985694885,0.4819999933242798,0.5,13408700
2026-03-02,0.460999995470047,0.4699999988079071,0.4399999976158142,0.46299999952316284,20466300
2026-03-03,0.46000000834465027,0.4749999940395355,0.4399999976158142,0.4399999976158142,14981300
2026-03-04,0.4399999976158142,0.48899999260902405,0.4399999976158142,0.46799999475479126,7446900
2026-03-05,0.46000000834465027,0.5,0.4399999976158142,0.44600000977516174,9537800
2026-03-06,0.4449999928474426,0.4790000021457672,0.4449999928474426,0.4519999921321869,8753700
2026-03-09,0.4350000023841858,0.4560000002384186,0.3799999952316284,0.4440000057220459,20563800
2026-03-10,0.4099999964237213,0.4359999895095825,0.40299999713897705,0.4359999895095825,8651200
2026-03-11,0.3686999976634979,0.43700000643730164,0.36000001430511475,0.427700012922287,21582714
