date,close,high,low,open,volume
2024-06-12,23.61644172668457,23.742291626516398,23.61644172668457,23.742291626516398,1200.0
2024-06-13,23.789247512817383,23.789247512817383,23.789247512817383,23.789247512817383,100.0
2024-06-14,23.854990005493164,23.854990005493164,23.854990005493164,23.854990005493164,0.0
2024-06-17,23.732900619506836,23.732900619506836,23.732900619506836,23.732900619506836,0.0
2024-06-18,23.845600128173828,23.845600128173828,23.845600128173828,23.845600128173828,400.0
2024-06-20,23.77985954284668,23.789251487596783,23.74229355517657,23.74229355517657,4600.0
2024-06-21,23.789247512817383,23.798639455998252,23.770463626455648,23.798639455998252,1800.0
2024-06-24,23.808027267456055,23.817419209007014,23.798635325905096,23.808027267456055,800.0
2024-06-25,23.838083267211914,23.84559610482267,23.826814010795783,23.826814010795783,1500.0
2024-06-26,23.676549911499023,23.676549911499023,23.676549911499023,23.676549911499023,100.0
2024-06-27,23.728199005126953,23.74792154693435,23.728199005126953,23.74792154693435,1800.0
2024-06-28,23.60235595703125,23.798642760172598,23.60141550865159,23.798642760172598,400.0
2024-07-01,23.394794464111328,23.394794464111328,23.386341177991103,23.394794464111328,500.0
2024-07-02,23.479320526123047,23.479320526123047,23.479320526123047,23.479320526123047,400.0
2024-07-03,23.639917373657227,23.64837065945849,23.554453024096222,23.554453024096222,4700.0
2024-07-05,23.77985954284668,23.798643432346882,23.751685499926673,23.751685499926673,400.0
2024-07-08,23.789247512817383,23.808031399179118,23.774220045461995,23.774220045461995,500.0
2024-07-09,23.751684188842773,23.751684188842773,23.751684188842773,23.751684188842773,600.0
2024-07-10,23.77985954284668,23.77985954284668,23.770467598096577,23.770467598096577,300.0
2024-07-11,23.9320011138916,23.986473665375108,23.9320011138916,23.986473665375108,3000.0
2024-07-12,23.986474990844727,23.986474990844727,23.95266363676972,23.95266363676972,1400.0
2024-07-15,23.906644821166992,23.939515727605187,23.891617353368083,23.939515727605187,4900.0
2024-07-16,24.014650344848633,24.02404228864339,23.930124642025934,23.958300473410205,353400.0
2024-07-17,24.05691146850586,24.06160833573097,23.996805182132352,24.011830858060737,11200.0
2024-07-18,23.95829963684082,24.01464950631164,23.95829963684082,24.01464950631164,4500.0
2024-07-19,23.887861251831055,23.911340215123328,23.88316617570463,23.911340215123328,6200.0
2024-07-22,23.869077682495117,23.93012262502055,23.8258743864147,23.93012262502055,14300.0
2024-07-23,23.873777389526367,23.900074118504374,23.873777389526367,23.900074118504374,800.0
2024-07-24,23.808027267456055,23.948902808061067,23.808027267456055,23.93951086651011,1300.0
2024-07-25,23.87471580505371,23.916040003599758,23.864385203249775,23.916040003599758,38300.0
2024-07-26,23.995864868164062,24.00431815441857,23.967690829975695,23.967690829975695,15500.0
2024-07-29,24.042827606201172,24.071001647931006,24.024043717494468,24.071001647931006,5400.0
2024-07-30,24.094480514526367,24.10856753428631,24.04282572029981,24.04282572029981,5200.0
2024-07-31,24.258840560913086,24.44667589326074,24.17431484048969,24.1865245490983,12400.0
2024-08-01,24.402883529663086,24.441483807156963,24.384993975608936,24.413239789272634,29200.0
2024-08-02,24.78513526916504,24.799257278305294,24.695691089198384,24.695691089198384,18700.0
2024-08-05,24.818090438842773,24.978146477172928,24.752185328197342,24.940485387787206,12700.0
2024-08-06,24.588367462158203,24.761604562902523,24.573304459524785,24.752191084146634,3400.0
2024-08-07,24.47915267944336,24.5262272547457,24.45844015363512,24.507398502092723,33600.0
2024-08-08,24.40382957458496,24.421717336566132,24.394414301412862,24.394414301412862,1300.0
2024-08-09,24.514925003051758,24.554468069227642,24.514925003051758,24.554468069227642,400.0
2024-08-12,24.585538864135742,24.585538864135742,24.526222468569394,24.526222468569394,2200.0
2024-08-13,24.69098663330078,24.695693371522722,24.649559794673557,24.67686282707584,110100.0
2024-08-14,24.723939895629883,24.76159918982165,24.723939895629883,24.76159918982165,74800.0
2024-08-15,24.563880920410156,24.571412419192875,24.526219834937777,24.55446564904206,28500.0
2024-08-16,24.625085830688477,24.629792569733674,24.573302722291952,24.592133270032484,6600.0
2024-08-19,24.672157287597656,24.686279298729183,24.66556677629899,24.66745054914703,4400.0
2024-08-20,24.761598587036133,24.771013859299774,24.752185110552055,24.752185110552055,4500.0
2024-08-21,24.799259185791016,24.865164294553953,24.77101336955853,24.799259185791016,4400.0
2024-08-22,24.685338973999023,24.71452578136077,24.667451212470056,24.71452578136077,12100.0
2024-08-23,24.799259185791016,24.818089729946006,24.73335407702808,24.73335407702808,4600.0
2024-08-26,24.778545379638672,24.855747733423062,24.778545379638672,24.855747733423062,3000.0
2024-08-27,24.756893157958984,24.77101516921145,24.705110055660402,24.71452532842193,15500.0
2024-08-28,24.737125396728516,24.77101894721564,24.725826349379517,24.77101894721564,14300.0
2024-08-29,24.685338973999023,24.703228531307687,24.667451212470056,24.686279962558526,31400.0
2024-08-30,24.59966278076172,24.723941512547565,24.59966278076172,24.723941512547565,500.0
2024-09-03,24.780000686645508,24.784720793457005,24.746952735444516,24.76583676445076,11500.0
2024-09-04,24.932952880859375,24.932952880859375,24.81304309659345,24.81304309659345,13700.0
2024-09-05,24.997163772583008,25.011325895118546,24.989609079801145,25.001883879801426,5100.0
2024-09-06,25.029264450073242,25.143508685103985,24.9546737950914,24.982998038109205,15200.0
2024-09-09,25.056644439697266,25.067973776460597,25.056644439697266,25.067973776460597,2300.0
2024-09-10,25.177499771118164,25.177499771118164,25.096299887680583,25.096299887680583,5200.0
2024-09-11,25.152956008911133,25.219048324410018,25.152956008911133,25.181282058788028,6800.0
2024-09-12,25.11329460144043,25.124625739027994,25.0774156672133,25.11801650906195,2900.0
2024-09-13,25.167110443115234,25.19071457533731,25.162388536142906,25.17183054920771,13200.0
2024-09-16,25.249256134033203,25.249256134033203,25.171832700811848,25.18127471468372,20100.0
2024-09-17,25.1954402923584,25.464531421551325,25.18127817004727,25.237928460172032,48700.0
2024-09-18,25.053810119628906,25.20015863268561,25.053810119628906,25.134066336750323,22500.0
2024-09-19,25.041534423828125,25.041534423828125,25.00187904768859,25.00187904768859,8500.0
2024-09-20,25.041534423828125,25.05664200559173,24.982995020704067,25.00187904768859,20200.0
2024-09-23,25.006601333618164,25.020763453631087,24.954671159064176,24.954671159064176,8300.0
2024-09-24,25.039649963378906,25.039649963378906,24.92634758940265,24.94523161854538,96000.0
2024-09-25,24.933902740478516,24.96411610713486,24.933902740478516,24.95467409238972,4600.0
2024-09-26,24.916906356811523,24.926348371679214,24.885749328540324,24.88858211308865,6300.0
2024-09-27,25.002826690673828,25.030207271573865,24.98299719999438,25.01132324294207,8300.0
2024-09-30,24.944284439086914,25.010376730884357,24.944284439086914,25.010376730884357,600.0
2024-10-01,25.03610610961914,25.085330197112164,25.03610610961914,25.085330197112164,9000.0
2024-10-02,24.971736907958984,24.971736907958984,24.905474056617145,24.92440681572261,6800.0
2024-10-03,24.8344783782959,24.905473515106845,24.8344783782959,24.905473515106845,10600.0
2024-10-04,24.602558135986328,24.667874893693785,24.591199563376378,24.649890035679523,9400.0
2024-10-07,24.507898330688477,24.545763853824432,24.498431949904486,24.507898330688477,8800.0
2024-10-08,24.507898330688477,24.507898330688477,24.470034613080042,24.470034613080042,2500.0
2024-10-09,24.427433013916016,24.470030818073802,24.41228644590518,24.470030818073802,13300.0
2024-10-10,24.403770446777344,24.403770446777344,24.384837686222845,24.403770446777344,13600.0
2024-10-11,24.413232803344727,24.440684037755133,24.375367288476596,24.375367288476596,5400.0
2024-10-14,24.370635986328125,24.375368273114237,24.318571804044886,24.346969135815964,5600.0
2024-10-15,24.508840560913086,24.517359037778107,24.451096193151947,24.451096193151947,4400.0
2024-10-16,24.536291122436523,24.574154830244886,24.52682474410267,24.574154830244886,26300.0
2024-10-17,24.413232803344727,24.441630133968697,24.39430004591066,24.441630133968697,8900.0
2024-10-18,24.446367263793945,24.460565930870256,24.446367263793945,24.460565930870256,3000.0
2024-10-21,24.238115310668945,24.309112271145978,24.238115310668945,24.309112271145978,3300.0
2024-10-22,24.21444320678711,24.24284234381248,24.204976827778655,24.240002249557225,149300.0
2024-10-23,24.15575408935547,24.185099324262467,24.11978256932519,24.1387153283995,4700.0
2024-10-24,24.22391128540039,24.22391128540039,24.176581192564502,24.186045766709835,5500.0
2024-10-25,24.152917861938477,24.252313960228758,24.152917861938477,24.252313960228758,3500.0
2024-10-28,24.09138298034668,24.14817944672397,24.06298384439448,24.138713068073233,46700.0
2024-10-29,24.106534957885742,24.115055242880022,23.991994089110126,24.006194564100593,52700.0
2024-10-30,24.08002471923828,24.195511660079628,24.08002471923828,24.167114327159773,3100.0
2024-10-31,24.09138298034668,24.110313932121034,24.02038604322974,24.03458470844228,9100.0
2024-11-01,23.922409057617188,24.13125482774117,23.922409057617188,24.121761591283303,3100.0
2024-11-04,24.061010360717773,24.093285196334804,24.007849677760355,24.093285196334804,4500.0
2024-11-05,24.082841873168945,24.102777128197875,23.94994017297608,24.026833040851972,6100.0
2024-11-06,23.789505004882812,23.865449084130773,23.751533870583668,23.761027106820872,15300.0
2024-11-07,24.007843017578125,24.034423351683,23.893926006664763,23.893926006664763,14900.0
2024-11-08,24.068599700927734,24.12935423841224,24.04391692525304,24.074296004644914,6300.0
2024-11-11,24.00310516357422,24.09328821766463,23.96987973255932,24.09328821766463,42400.0
2024-11-12,23.823684692382812,23.941396856452524,23.814191454681232,23.931903618750944,16800.0
2024-11-13,23.80754280090332,23.86544918835859,23.789505108778954,23.855955952079924,8000.0
2024-11-14,23.80375099182129,23.91292051654805,23.789510229013402,23.851215372780725,20100.0
2024-11-15,23.82748031616211,23.8891854525071,23.73254975501209,23.761029466552053,23000.0
2024-11-18,23.884437561035156,23.893930798069054,23.78950700134602,23.799000238379918,23200.0
2024-11-19,23.923358917236328,23.960381273637275,23.923358917236328,23.95088803675117,14900.0
2024-11-20,23.889183044433594,23.921457874812365,23.86544904855113,23.866399639628206,15200.0
2024-11-21,23.865453720092773,23.941397814093186,23.86355615886653,23.936652100377547,6300.0
2024-11-22,23.89392852783203,23.922408236227774,23.89392852783203,23.912915000095857,6200.0
2024-11-25,24.17302703857422,24.178721532478654,24.102777444137274,24.131257156259,9500.0
2024-11-26,24.10942268371582,24.121764073445966,24.06480645948745,24.11227083601123,10500.0
2024-11-27,24.20150375366211,24.235679768662813,24.178720347211573,24.235679768662813,4300.0
2024-11-29,24.317319869995117,24.33061004036953,24.30213213851003,24.30213213851003,700.0
2024-12-02,24.341127395629883,24.353507933504346,24.25541905347256,24.25541905347256,5900.0
2024-12-03,24.264936447143555,24.360168116870657,24.25350951864495,24.359216326927363,4800.0
2024-12-04,24.35541534423828,24.360176111910267,24.255421059190414,24.255421059190414,6800.0
2024-12-05,24.360170364379883,24.369693713870532,24.293508734338502,24.293508734338502,6000.0
2024-12-06,24.436359405517578,24.464929458738208,24.38398188280983,24.464929458738208,22900.0
2024-12-09,24.345888137817383,24.367790208591824,24.345888137817383,24.367790208591824,3800.0
2024-12-10,24.288747787475586,24.31065167441884,24.269702903604614,24.269702903604614,7000.0
2024-12-11,24.217329025268555,24.340177172565216,24.207805673705316,24.340177172565216,42900.0
2024-12-12,24.11256980895996,24.188754791911126,24.103046459041906,24.17923144199307,20600.0
2024-12-13,23.988771438598633,24.059242052861293,23.979248088066914,24.059242052861293,2200.0
2024-12-16,24.007814407348633,24.01733775712035,23.9849605475684,24.01638596706115,5100.0
2024-12-17,24.007814407348633,24.036384456663786,23.997339267517717,23.998292873970158,160500.0
2024-12-18,23.786195755004883,24.025012985119453,23.786195755004883,23.99635608360546,13400.0
2024-12-19,23.700218200683594,23.728876920352047,23.668695248875856,23.728876920352047,16700.0
2024-12-20,23.786195755004883,23.853064287912023,23.768046505514747,23.853064287912023,42600.0
2024-12-23,23.67156219482422,23.77664052683924,23.652456380992145,23.77664052683924,69500.0
2024-12-24,23.67729377746582,23.68111639806604,23.604693138554268,23.62379895343221,52200.0
2024-12-26,23.695444107055664,23.709772556750554,23.595141315129947,23.60278291202979,23900.0
2024-12-27,23.616159439086914,23.70499984627679,23.61424812861824,23.681118486588577,12700.0
2024-12-30,23.767120361328125,23.781451710036503,23.74323417268104,23.752789012619747,21700.0
2024-12-31,23.714567184448242,23.81966859043482,23.695457506559922,23.81966859043482,20500.0
2025-01-02,23.733680725097656,23.79100794569369,23.671575173052254,23.781453105194437,19400.0
2025-01-03,23.68113136291504,23.770944681846245,23.68113136291504,23.762346600586632,10900.0
2025-01-06,23.66679573059082,23.676350569905786,23.628576373330954,23.628576373330954,13600.0
2025-01-07,23.52347755432129,23.647686824676008,23.52347755432129,23.647686824676008,44800.0
2025-01-08,23.58080291748047,23.58080291748047,23.504366028866237,23.527297277690423,297700.0
2025-01-10,23.4088191986084,23.466146408823022,23.38875458391332,23.45659157005406,26600.0
2025-01-13,23.38493537902832,23.399266727432266,23.34576108283157,23.399266727432266,97500.0
2025-01-14,23.380155563354492,23.38971040248352,23.351492868366638,23.38684376850489,32200.0
2025-01-15,23.63813018798828,23.63813018798828,23.59035781588353,23.63813018798828,68500.0
2025-01-16,23.70023536682129,23.733676391262506,23.580802615988606,23.609465309852993,43400.0
2025-01-17,23.709794998168945,23.7336811886839,23.68590880765399,23.714571507312126,36500.0
2025-01-21,23.81011390686035,23.81966874586686,23.752786695220497,23.79100422884733,33800.0
2025-01-22,23.728899002075195,23.771894866976687,23.714567654574438,23.759475216262338,12900.0
2025-01-23,23.671573638916016,23.684950050268156,23.628577770655646,23.628577770655646,13600.0
2025-01-24,23.715524673461914,23.738455924915513,23.657242518750202,23.657242518750202,7000.0
2025-01-27,23.881772994995117,23.896104341529227,23.833043865420393,23.848330149083687,113300.0
2025-01-28,23.8789119720459,23.88655511567346,23.802475068571727,23.85789059347082,750200.0
2025-01-29,23.85693359375,23.900884399408326,23.791006474062822,23.900884399408326,10000.0
2025-01-30,23.915218353271484,23.934326211314005,23.88655383260856,23.92477319349246,42300.0
2025-01-31,23.857885360717773,23.95247698756002,23.819667828562707,23.905659553910517,8000.0
2025-02-03,23.895246505737305,24.014986166982396,23.861719546755257,23.947932249018304,82000.0
2025-02-04,23.94314193725586,23.947930719483626,23.84255923965162,23.84255923965162,13400.0
2025-02-05,24.1011962890625,24.129934462434328,24.047553160434056,24.047553160434056,19200.0
2025-02-06,24.08683204650879,24.10120022199834,24.05330508564494,24.091620829311193,15600.0
2025-02-07,24.000619888305664,24.01498806412382,23.957513533768818,23.993914495979542,28900.0
2025-02-10,23.98145866394043,24.03989240660189,23.97666988151545,24.02456501409401,17900.0
2025-02-11,23.912487030029297,23.93835120433918,23.90961302987463,23.928771812850997,68200.0
2025-02-12,23.756345748901367,23.785083922553813,23.698871228678534,23.785083922553813,95500.0
2025-02-13,23.92781639099121,23.957511958923774,23.871299255517265,23.919194389817655,19000.0
2025-02-14,24.04372215270996,24.086828499913892,24.034142761433305,24.06288093526328,13400.0
2025-02-18,23.90961456298828,24.00540665693032,23.90003699796808,24.00540665693032,56400.0
2025-02-19,23.94314193725586,23.957510111021275,23.89045619733986,23.89045619733986,19200.0
2025-02-20,24.000619888305664,24.03414684993628,23.98625171248751,24.03414684993628,33600.0
2025-02-21,24.15388298034668,24.168251154058858,24.091617849123725,24.096408458415855,12100.0
2025-02-24,24.201780319213867,24.216150321319432,24.120358224638856,24.120358224638856,19700.0
2025-02-25,24.402944564819336,24.417312740231147,24.34067942623094,24.34067942623094,12700.0
2025-02-26,24.469039916992188,24.48436548280499,24.36941643088002,24.398152780320142,7500.0
2025-02-27,24.44605255126953,24.44605255126953,24.389535409903132,24.398155584893164,39900.0
2025-02-28,24.580156326293945,24.59931510966697,24.465207280220067,24.493943628197464,24700.0
2025-03-03,24.668556213378906,24.694500261546096,24.50232443484963,24.50232443484963,42100.0
2025-03-04,24.584001541137695,24.752155872105295,24.55998001749226,24.72044606802249,36000.0
2025-03-05,24.448518753051758,24.625319876320585,24.4446755292649,24.57919752542876,72300.0
2025-03-06,24.425453186035156,24.4542801083408,24.321678831549022,24.415844211933276,24400.0
2025-03-07,24.394712448120117,24.550373107385123,24.37837737081269,24.502330056051466,16200.0
2025-03-10,24.57439422607422,24.61282829709329,24.5157800226823,24.5157800226823,36000.0
2025-03-11,24.483108520507812,24.617632343465868,24.454283427014747,24.57919644184223,12900.0
2025-03-12,24.406238555908203,24.454283432949403,24.392786356881597,24.415847531316444,20100.0
2025-03-13,24.51193618774414,24.51193618774414,24.348587266354834,24.356273713822066,9300.0
2025-03-14,24.411041259765625,24.454280727957475,24.40623585623072,24.435062779266772,23500.0
2025-03-17,24.439868927001953,24.521544301187006,24.43025995164344,24.444674331043537,71300.0
2025-03-18,24.47734832763672,24.51097883031465,24.406242265353438,24.406242265353438,22100.0
2025-03-19,24.549406051635742,24.55997537342319,24.433139846524973,24.473496438472186,31000.0
2025-03-20,24.569589614868164,24.684895497097063,24.559980638622022,24.684895497097063,119700.0
2025-03-21,24.555173873901367,24.636847412286173,24.55036847004074,24.636847412286173,47800.0
2025-03-24,24.415851593017578,24.444678524037805,24.406242616010836,24.43410919914788,16100.0
2025-03-25,24.449478149414062,24.487914051236505,24.406238676226153,24.406238676226153,50900.0
2025-03-26,24.39182472229004,24.415846243180976,24.374529300557548,24.387019318477112,13300.0
2025-03-27,24.36780548095703,24.391827004095134,24.33897855355647,24.377414456757222,42500.0
2025-03-28,24.565746307373047,24.579198507526936,24.49271955433056,24.49271955433056,29000.0
2025-03-31,24.66567611694336,24.694503044013274,24.579197168458336,24.67528509263333,24900.0
2025-04-01,24.73509407043457,24.826687010974744,24.710989019646515,24.710989019646515,109900.0
2025-04-02,24.70134925842285,24.807403758494843,24.624217877026318,24.807403758494843,36300.0
2025-04-03,24.97130584716797,25.048437221377903,24.95202254387623,24.961664195522097,28000.0
2025-04-04,25.08218765258789,25.289478611614026,25.054228143875896,25.2509138354236,21500.0
2025-04-07,24.759199142456055,25.06772469056834,24.694602088546343,25.06772469056834,44000.0
2025-04-08,24.556726455688477,24.758233868837273,24.556726455688477,24.5663681082902,47000.0
2025-04-09,24.556726455688477,24.556726455688477,24.238559275660375,24.354257267923867,367000.0
2025-04-10,24.361970901489258,24.55672751112592,24.344616661643155,24.55672751112592,30400.0
2025-04-11,24.21927833557129,24.24723784145366,24.02837802340717,24.228918149425233,14900.0
2025-04-14,24.393787384033203,24.4410301943027,24.32436858898208,24.37161139925158,18500.0
2025-04-15,24.489234924316406,24.547082996712618,24.385107658420395,24.43138685192019,40100.0
2025-04-16,24.595294952392578,24.630968885859193,24.479596951255814,24.479596951255814,285000.0
2025-04-17,24.527801513671875,24.61457454168029,24.508518209901766,24.61457454168029,19500.0
2025-04-21,24.36871910095215,24.498878654101016,24.354257541365794,24.497915040517185,26600.0
2025-04-22,24.3831787109375,24.447775751204585,24.3831787109375,24.447775751204585,39900.0
2025-04-23,24.416927337646484,24.62421827328996,24.400536711953272,24.576010009793094,28000.0
2025-04-24,24.547088623046875,24.576013585353284,24.49888219149368,24.49888219149368,10700.0
2025-04-25,24.65314292907715,24.666640875906165,24.59529484823242,24.614578154833108,7200.0
2025-04-28,24.73991584777832,24.749557501031102,24.643501154207843,24.643501154207843,40600.0
2025-04-29,24.845970153808594,24.855611806269433,24.739913815696568,24.739913815696568,6000.0
2025-04-30,24.884536743164062,24.894178396329472,24.81704700996348,24.865255275790545,16800.0
2025-05-01,24.742347717285156,24.877762634768374,24.718166745575996,24.86808987710673,14200.0
2025-05-02,24.593393325805664,24.655296766051148,24.5585710263888,24.655296766051148,5500.0
2025-05-05,24.558570861816406,24.577916378597244,24.499569433991883,24.571145632212954,26000.0
2025-05-06,24.615638732910156,24.626278213624207,24.515044259975475,24.548897991742916,6700.0
2025-05-07,24.684314727783203,24.703660244447878,24.64369024972139,24.693987486115542,22600.0
2025-05-08,24.490859985351562,24.645620408253485,24.490859985351562,24.645620408253485,6100.0
2025-05-09,24.50343894958496,24.56824440348786,24.50053693748631,24.539227972281527,5900.0
2025-05-12,24.350608825683594,24.403808069267168,24.345773369398653,24.37188963005093,25900.0
2025-05-13,24.321592330932617,24.355446059503116,24.29257405863369,24.355446059503116,23800.0
2025-05-14,24.239377975463867,24.326430958820556,24.220034302965775,24.326430958820556,46500.0
2025-05-15,24.38446617126465,24.403811689053597,24.32062743847321,24.34577698057687,25200.0
2025-05-16,24.39607048034668,24.481188162724642,24.39607048034668,24.481188162724642,11900.0
2025-05-19,24.38446617126465,24.38446617126465,24.26743003188878,24.26839675431119,21600.0
2025-05-20,24.336101531982422,24.355447047633245,24.268394072094452,24.307083258506186,22500.0
2025-05-21,24.17650604248047,24.28773999198921,24.147487768521255,24.2683944760164,41100.0
2025-05-22,24.24905014038086,24.268395657295326,24.15232440069857,24.161997159155806,58000.0
2025-05-23,24.345775604248047,24.38446479274863,24.29741365739982,24.38446479274863,54600.0
2025-05-27,24.452173233032227,24.46184599103645,24.384463927002635,24.403809443011088,18200.0
2025-05-28,24.374792098999023,24.384463011750313,24.34480710377837,24.365119341357858,12600.0
2025-05-29,24.4792537689209,24.490859970431078,24.427987972137423,24.44249803013735,32200.0
2025-05-30,24.558570861816406,24.558570861816406,24.486027941223302,24.4908633979735,18500.0
2025-06-02,24.471210479736328,24.471210479736328,24.412969320947386,24.447915497383196,10700.0
2025-06-03,24.437231063842773,24.529448217845772,24.432378406425453,24.510033885271177,40200.0
2025-06-04,24.616811752319336,24.636224234142595,24.51974193739214,24.51974193739214,27900.0
2025-06-05,24.563425064086914,24.66534754408617,24.558570554685314,24.636226042035158,9400.0
2025-06-06,24.36054801940918,24.442085995891,24.355693510455154,24.42849633314403,12200.0
2025-06-09,24.398406982421875,24.43238114250571,24.36346266103646,24.383847157086763,16700.0
2025-06-10,24.44693946838379,24.49547530227865,24.422672477162735,24.49547530227865,25000.0
2025-06-11,24.539154052734375,24.558566532803066,24.471203892410003,24.471203892410003,22900.0
2025-06-12,24.660491943359375,24.665344600729036,24.607103455029883,24.63040028360007,24200.0
2025-06-13,24.572160720825195,24.616814061839825,24.505184412209044,24.607106894291118,91600.0
2025-06-16,24.494503021240234,24.582837682525327,24.48965036363029,24.53430184916219,26000.0
2025-06-17,24.611961364746094,24.61681587460438,24.529453211685592,24.5682800332867,41000.0
2025-06-18,24.6362247467041,24.69446774774381,24.606134936388845,24.665346247223955,52700.0
2025-06-20,24.64204978942871,24.67505378689267,24.568276801492615,24.58769113546586,14800.0
2025-06-23,24.72844123840332,24.82065654371433,24.71873407182542,24.71873407182542,11800.0
2025-06-24,24.820659637451172,24.83036680523901,24.709029985070437,24.713882643237884,50400.0
2025-06-25,24.83521842956543,24.849780106367486,24.752710283982864,24.767270109332053,22800.0
2025-06-26,24.91287612915039,24.917728787186057,24.840073298445176,24.87890011708917,20600.0
2025-06-27,24.854631423950195,24.927434249675706,24.841041760636397,24.841041760636397,9100.0
2025-06-30,24.95267105102539,24.96626071414785,24.878898065088382,24.88860523181196,8100.0
2025-07-01,24.91274070739746,24.961435704745867,24.873785081037752,24.941958820363553,16900.0
2025-07-02,24.859176635742188,24.86696924757293,24.82508976396766,24.854307878743764,11700.0
2025-07-03,24.776395797729492,24.795872684131304,24.73743830973533,24.786135169728034,15600.0
2025-07-07,24.693613052368164,24.73743929931716,24.659526177807315,24.73743929931716,32600.0
2025-07-08,24.6497859954834,24.659525367551534,24.615699122042567,24.620569736874277,19000.0
2025-07-09,24.776395797729492,24.786135169728034,24.688743307337898,24.69848267933644,20400.0
2025-07-10,24.773473739624023,24.785159871436452,24.727698877102654,24.755943613107743,7600.0
2025-07-11,24.647838592529297,24.683872224886418,24.64004598052094,24.683872224886418,23700.0
2025-07-14,24.644916534423828,24.674132792198574,24.61667179895428,24.65660266601468,31300.0
2025-07-15,24.532915115356445,24.64004448361198,24.528044500947715,24.610828227540072,14500.0
2025-07-16,24.60595703125,24.62056701653558,24.54265390619444,24.5913489035595,12600.0
2025-07-17,24.601089477539062,24.659523848753572,24.579663974865948,24.659523848753572,16600.0
2025-07-18,24.679004669189453,24.6887440414776,24.64686455487903,24.679004669189453,11300.0
2025-07-21,24.759836196899414,24.805609196661273,24.75691419987716,24.795869825785438,16700.0
2025-07-22,24.82314109802246,24.85138397315394,24.805609115945973,24.805609115945973,12600.0
2025-07-23,24.742305755615234,24.791000751775965,24.737435141442145,24.776392624446753,63600.0
2025-07-24,24.696533203125,24.737437449539343,24.649784962195692,24.649784962195692,12100.0
2025-07-25,24.761783599853516,24.766654214215503,24.68094849131947,24.698480473908504,8500.0
2025-07-28,24.712114334106445,24.72769584127674,24.703348343126876,24.72769584127674,6000.0
2025-07-29,24.874759674072266,24.88352380807299,24.766655065698757,24.766655065698757,4700.0
2025-07-30,24.78905487060547,24.854308476080856,24.75691661541503,24.786134730893348,9100.0
2025-07-31,24.80950927734375,24.864048274429326,24.795872670477085,24.834830158449794,12900.0
2025-08-01,25.09881019592285,25.09881019592285,25.029416039841184,25.059714581648983,7700.0
2025-08-04,25.12324333190918,25.137903254768013,25.06948779585154,25.108583409050347,27700.0
2025-08-05,25.12324333190918,25.147677158067715,25.089035602450945,25.098809505750648,68200.0
2025-08-06,25.093921661376953,25.10858344844023,25.010846279471323,25.08903564181016,20200.0
2025-08-07,25.077308654785156,25.110537689805017,25.069488413443878,25.101742481545624,13900.0
2025-08-08,25.010845184326172,25.030392990100307,25.010845184326172,25.029414294884646,7300.0
2025-08-11,25.0352783203125,25.059712144766902,25.024527586687068,25.030392301094146,18700.0
2025-08-12,25.015729904174805,25.02061778745511,24.968817782607758,24.980545346954205,28900.0
2025-08-13,25.11933135986328,25.137900469147997,25.09978355543004,25.10858062667937,44900.0
2025-08-14,25.0352783203125,25.07925995000295,25.02061839847612,25.074373930784592,12700.0
2025-08-15,24.97663688659668,25.025504535735983,24.96197696469115,25.02061851649458,14800.0
2025-08-18,24.947315216064453,25.0010707487072,24.94145050162091,25.0010707487072,14500.0
2025-08-19,25.015729904174805,25.030391689834445,24.98152217793776,24.98152217793776,23900.0
2025-08-20,25.054828643798828,25.076330113210794,25.020620913288198,25.020620913288198,27500.0
2025-08-21,24.97663688659668,25.02061851649458,24.952203062027028,25.02061851649458,75400.0
2025-08-22,25.12324333190918,25.147677158067715,25.01084624023477,25.01084624023477,19600.0
2025-08-25,25.074373245239258,25.09880706902563,25.051893083414292,25.07925926432403,179900.0
2025-08-26,25.133014678955078,25.147674600322862,25.07632679125505,25.08610069356066,44800.0
2025-08-27,25.1730899810791,25.1818851892272,25.097832975369336,25.09880980645658,23700.0
2025-08-28,25.230754852294922,25.235640871940863,25.166248580715973,25.186773218755572,11900.0
2025-08-29,25.21316146850586,25.232707410415852,25.196546019746318,25.21609196165631,27700.0
2025-09-02,25.142545700073242,25.157256947833798,25.12292945592049,25.127834452312683,34700.0
2025-09-03,25.240625381469727,25.26514475162853,25.157257278080152,25.157257278080152,777000.0
2025-09-04,25.348506927490234,25.353411923161808,25.274948828786187,25.284756949421606,158800.0
2025-09-05,25.485820770263672,25.534859506628656,25.480915774202444,25.510340138446164,67100.0
2025-09-08,25.564281463623047,25.569184588514695,25.528971855713923,25.547607845859126,42200.0
2025-09-09,25.529958724975586,25.547612596859327,25.490726235715673,25.539766847290565,37600.0
2025-09-10,25.58880043029785,25.606454298623152,25.538779577786435,25.549567948945914,34300.0
2025-09-11,25.618227005004883,25.667265740224607,25.61332200905821,25.628033255482556,47100.0
2025-09-12,25.544666290283203,25.559377536280703,25.510338802483847,25.549569415379775,54100.0
2025-09-15,25.58880043029785,25.608416670973817,25.578992309959865,25.578992309959865,78800.0
2025-09-16,25.60547637939453,25.62803337458899,25.584879886021586,25.588802760372456,35300.0
2025-09-17,25.544666290283203,25.716303729279975,25.529955044285703,25.625091759246136,46100.0
2025-09-18,25.466205596923828,25.490724966136046,25.43187810588513,25.43678123144439,32700.0
2025-09-19,25.446584701538086,25.461295946234554,25.41323746756565,25.461295946234554,25600.0
2025-09-22,25.40735626220703,25.451491870773765,25.40735626220703,25.451491870773765,29600.0
2025-09-23,25.47797203063965,25.480914654005446,25.414222050309334,25.4416840407797,27700.0
2025-09-24,25.416183471679688,25.451493082638997,25.412260597285957,25.451493082638997,17900.0
2025-09-25,25.363222122192383,25.363222122192383,25.304373393557498,25.352433749821685,52900.0
2025-09-26,25.338699340820312,25.397548065872954,25.323988094911037,25.343604336595252,32600.0
2025-09-29,25.408334732055664,25.431873846355106,25.402449485803892,25.402449485803892,17700.0
2025-09-30,25.412261962890625,25.48582194152661,25.392645719159965,25.44168632848661,34400.0
2025-10-01,25.4890079498291,25.52836463812975,25.448665983699172,25.51360611460697,49700.0
2025-10-02,25.52640151977539,25.532303804004492,25.47425122592538,25.47425122592538,28700.0
2025-10-03,25.469327926635742,25.523445013605052,25.464407167791467,25.51360537263612,35600.0
2025-10-06,25.390615463256836,25.444732556167697,25.385694703872307,25.40537398797077,27600.0
2025-10-07,25.459489822387695,25.492944228357427,25.41422897257439,25.415212373714756,16100.0
2025-10-08,25.454570770263672,25.49392745953294,25.444731128766428,25.49392745953294,66900.0
2025-10-09,25.43981170654297,25.450634749742786,25.420132422514314,25.434892823895716,81400.0
2025-10-10,25.612001419067383,25.6316788254484,25.513606880283373,25.523446521833748,42300.0
2025-10-13,25.616918563842773,25.616918563842773,25.54312219558057,25.582480759112308,11300.0
2025-10-14,25.67595672607422,25.690717127019493,25.62676039417601,25.64151891840152,57500.0
2025-10-15,25.656278610229492,25.705474940767957,25.63167856824055,25.690716416950362,22600.0
2025-10-16,25.779272079467773,25.781238881784727,25.626760447514272,25.631679330026426,62000.0
2025-10-17,25.726137161254883,25.738928882583494,25.702522397540402,25.730072642420684,37400.0
2025-10-20,25.769433975219727,25.769433975219727,25.73105880711231,25.739915048226298,14300.0
2025-10-21,25.823551177978516,25.828470060804776,25.80879077605996,25.828470060804776,1014000.0
2025-10-22,25.828468322753906,25.836339285434224,25.784190873417536,25.80682223702315,15800.0
2025-10-23,25.74483299255371,25.784189680854745,25.739912233566283,25.779270798586992,41400.0
2025-10-24,25.75467300415039,25.76943340568082,25.730074837226127,25.749754121453474,38800.0
2025-10-27,25.75467300415039,25.759593763567146,25.694653626992775,25.730074837226127,57100.0
2025-10-28,25.784191131591797,25.8038704152094,25.754672206165395,25.759592965429686,41100.0
2025-10-29,25.616918563842773,25.77926982333178,25.60904760182427,25.77926982333178,103100.0
2025-10-30,25.592323303222656,25.621842229220125,25.543125093226877,25.543125093226877,26200.0
2025-10-31,25.58740234375,25.616921269516606,25.572643819226595,25.607081627594404,20400.0
2025-11-03,25.577533721923828,25.582467783223144,25.542987762784655,25.582467783223144,146700.0
2025-11-04,25.61701011657715,25.621944177540694,25.58937485715522,25.58937485715522,37500.0
2025-11-05,25.488704681396484,25.552856888635105,25.473898732986022,25.552856888635105,46100.0
2025-11-06,25.61701011657715,25.626880121015102,25.58246604229974,25.58246604229974,47000.0
2025-11-07,25.626880645751953,25.67129472537674,25.592336570767216,25.592336570767216,26400.0
2025-11-10,25.58740234375,25.612078298260993,25.574573031117072,25.59233828765661,21900.0
2025-11-11,25.671295166015625,25.69103517563456,25.661425161206157,25.69103517563456,15400.0
2025-11-12,25.67622947692871,25.695969486739667,25.656491349628705,25.671295415731446,40800.0
2025-11-13,25.607139587402344,25.651553665207583,25.607139587402344,25.63181365673618,67200.0
2025-11-14,25.56766128540039,25.681163509600815,25.555816527390853,25.681163509600815,51500.0
2025-11-17,25.58740234375,25.612078298260993,25.574573031117072,25.582468282354416,22800.0
2025-11-18,25.626880645751953,25.691034734656846,25.592336570767216,25.651554716096634,26100.0
2025-11-19,25.607139587402344,25.66142366944328,25.602205526539905,25.66142366944328,35000.0
2025-11-20,25.677217483520508,25.691035113718275,25.636751028652494,25.651555094575553,23300.0
2025-11-21,25.755186080932617,25.769992028653686,25.70583794189128,25.750252020032818,114700.0
2025-11-24,25.794666290283203,25.80058866941574,25.755186272747434,25.779862224962713,562300.0
2025-11-25,25.86375617980957,25.885469061409616,25.834146164664165,25.834146164664165,25900.0
2025-11-26,25.883493423461914,25.888427484203305,25.809469334765634,25.848949350739858,20800.0
2025-11-28,25.844017028808594,25.868691100994482,25.824278900566508,25.868691100994482,9300.0
2025-12-01,25.70536231994629,25.740025535570087,25.700411241572994,25.73012148981992,98600.0
2025-12-02,25.73012351989746,25.735076487665115,25.685556255007185,25.700413269306427,49800.0
2025-12-03,25.784591674804688,25.789544641966007,25.74002441537028,25.77964059664686,83100.0
2025-12-04,25.695457458496094,25.740024718455278,25.69050638027997,25.740024718455278,84200.0
2025-12-05,25.64594078063965,25.720218292711337,25.63405516974585,25.720218292711337,79500.0
2025-12-08,25.596418380737305,25.639995801981605,25.546900043553286,25.639995801981605,29200.0
2025-12-09,25.566709518432617,25.631082982456885,25.55185250527014,25.631082982456885,37900.0
2025-12-10,25.636035919189453,25.6459399649514,25.55185247471469,25.55185247471469,50400.0
2025-12-11,25.64594078063965,25.710314246634383,25.636036734562694,25.710314246634383,35800.0
2025-12-12,25.576614379882812,25.59146950451546,25.566710333793164,25.59146950451546,29300.0
2025-12-15,25.596418380737305,25.65088968504181,25.591467302620295,25.64395704227591,9800.0
2025-12-16,25.665748596191406,25.670699674674704,25.60137324188681,25.60137324188681,25200.0
2025-12-17,25.65584373474121,25.67069885872255,25.640986721756313,25.640986721756313,17600.0
2025-12-18,25.734081268310547,25.749928118411237,25.704371021751523,25.73012002803624,37900.0
2025-12-19,25.674455642700195,25.71420798517237,25.669487547639182,25.679425633257225,51200.0
2025-12-22,25.644643783569336,25.659549964540314,25.632717322395706,25.654581869382007,65500.0
2025-12-23,25.634706497192383,25.639674592505624,25.580047971266154,25.589986057388753,127600.0
2025-12-24,25.694332122802734,25.699302113419506,25.65259330000283,25.66749948086107,17500.0
2025-12-26,25.71917724609375,25.739053418230828,25.699302969452773,25.734085322944612,18000.0
2025-12-29,25.763896942138672,25.764892077564078,25.734084580289505,25.75396075185298,47700.0
2025-12-30,25.73209571838379,25.748990274343694,25.714207922513307,25.719176017562216,32900.0
2025-12-31,25.649612426757812,25.72414712419733,25.649612426757812,25.709240942907865,14700.0
2026-01-02,25.634706497192383,25.68936502311861,25.62973840187914,25.68936502311861,16500.0
2026-01-05,25.70427131652832,25.709241307359328,25.659550876529877,25.659550876529877,28000.0
2026-01-06,25.68439292907715,25.689362919479525,25.639672492935567,25.669486748861942,29000.0
2026-01-07,25.734085083007812,25.74899126422359,25.699302729840277,25.74899126422359,42700.0
2026-01-08,25.659549713134766,25.689363970280667,25.652593242683658,25.669487798850064,43100.0
2026-01-09,25.68439292907715,25.699301004788317,25.629736303122733,25.649610578244356,65700.0
2026-01-12,25.65458106994629,25.679425335955756,25.644642984443305,25.644642984443305,35600.0
2026-01-13,25.68439292907715,25.699301004788317,25.664518653955525,25.689362919479525,74900.0
2026-01-14,25.744022369384766,25.765885020555007,25.704270026715935,25.709240017297553,33700.0
2026-01-15,25.68439292907715,25.748989535836316,25.68439292907715,25.748989535836316,39300.0
2026-01-16,25.59992218017578,25.66948688220272,25.58004600945495,25.66948688220272,52000.0
2026-01-20,25.495574951171875,25.530357301945287,25.483648490623303,25.50054304606981,25600.0
2026-01-21,25.55520248413086,25.565140569779178,25.496569105652988,25.51048204646143,22000.0
2026-01-22,25.56414794921875,25.570109284355354,25.517439135089614,25.530358836295044,116000.0
2026-01-23,25.594951629638672,25.599921619958103,25.545263099419923,25.570107364529296,35100.0
2026-01-26,25.629737854003906,25.649612130328144,25.619799768093753,25.629737854003906,84900.0
2026-01-27,25.594951629638672,25.644642055353344,25.594951629638672,25.61979779024397,432900.0
2026-01-28,25.5750789642334,25.589985145137852,25.54526470692845,25.589985145137852,70900.0
2026-01-29,25.61383628845215,25.629737604853034,25.55023291834467,25.560171004158214,36600.0
2026-01-30,25.604890823364258,25.62476699451068,25.58203493249228,25.599922728325655,30400.0
2026-02-02,25.547067642211914,25.601900677008715,25.5420836852067,25.601900677008715,15300.0
2026-02-03,25.567007064819336,25.571991021783905,25.527127802911302,25.53211366142374,26500.0
2026-02-04,25.557037353515625,25.581960941535804,25.542083581013095,25.542083581013095,32400.0
2026-02-05,25.715553283691406,25.718544418396345,25.6218393029771,25.64177703176369,16600.0
2026-02-06,25.696611404418945,25.721534992862736,25.67168781597515,25.721534992862736,30500.0
2026-02-09,25.716550827026367,25.721534784055503,25.687639692852017,25.691627238784903,29800.0
2026-02-10,25.826215744018555,25.841169515986174,25.80627611369652,25.811260070503124,29800.0
2026-02-11,25.756427764892578,25.801290983609558,25.741473992502872,25.7434687162105,23400.0
2026-02-12,25.915943145751953,25.920927102744493,25.80129121789691,25.80129121789691,42000.0
2026-02-13,26.01563835144043,26.02062421014441,25.981743259373893,26.00068457842437,27200.0
2026-02-17,26.010652542114258,26.030592172414433,26.001679138014836,26.030592172414433,12800.0
2026-02-18,25.955820083618164,25.978750849125298,25.950836126706797,25.960805942077382,20700.0
2026-02-19,25.975759506225586,25.99868837000115,25.940866103482048,25.940866103482048,23500.0
2026-02-20,25.975759506225586,25.98074346309702,25.950835918772746,25.96080573406345,18300.0
2026-02-23,26.075456619262695,26.095394348955118,26.010653768505605,26.010653768505605,19000.0
2026-02-24,26.065486907958984,26.08343181552793,26.050531233694944,26.070470865015064,16100.0
2026-02-25,26.045547485351562,26.070471073927482,26.035577669611612,26.040563528255547,23800.0
2026-02-26,26.115333557128906,26.120319415632164,26.087418834463833,26.087418834463833,33600.0
2026-02-27,26.225000381469727,26.236963019436168,26.190106977132707,26.2000767928787,18000.0
2026-03-02,26.065000534057617,26.139999389648438,26.030000686645508,26.139999389648438,184900.0
2026-03-03,26.045000076293945,26.075000762939453,25.940000534057617,25.940000534057617,16000.0
2026-03-04,25.990999221801758,26.030000686645508,25.989999771118164,26.030000686645508,108900.0
2026-03-05,25.915000915527344,25.93000030517578,25.8799991607666,25.899999618530273,35300.0
2026-03-06,25.895000457763672,25.959999084472656,25.829999923706055,25.829999923706055,26300.0
2026-03-09,25.974000930786133,25.979999542236328,25.850000381469727,25.8799991607666,42700.0
2026-03-10,25.885000228881836,25.979999542236328,25.885000228881836,25.959999084472656,44900.0
2026-03-11,25.784000396728516,25.850000381469727,25.780000686645508,25.84000015258789,72200.0
2026-03-12,25.69499969482422,25.7549991607666,25.67009925842285,25.739999771118164,47322.0
