date,close,high,low,open,volume
2021-03-15,22.935806274414062,22.935806274414062,22.935806274414062,22.935806274414062,0
2021-03-16,22.935806274414062,22.935806274414062,22.935806274414062,22.935806274414062,0
2021-03-17,22.935806274414062,22.935806274414062,22.935806274414062,22.935806274414062,0
2021-03-18,22.743196487426758,22.94350936684883,22.735491976354535,22.735491976354535,1000
2021-03-19,22.743196487426758,22.743196487426758,22.743196487426758,22.743196487426758,0
2021-03-22,22.743196487426758,22.743196487426758,22.743196487426758,22.743196487426758,0
2021-03-23,22.743196487426758,22.743196487426758,22.743196487426758,22.743196487426758,0
2021-03-24,23.575267791748047,23.575267791748047,22.76631165277759,22.76631165277759,1500
2021-03-25,23.50592613220215,23.50592613220215,23.50592613220215,23.50592613220215,300
2021-03-26,23.50592613220215,23.50592613220215,23.50592613220215,23.50592613220215,0
2021-03-29,23.50592613220215,23.50592613220215,23.50592613220215,23.50592613220215,0
2021-03-30,23.251684188842773,23.251684188842773,22.943511070496964,22.943511070496964,700
2021-03-31,23.251684188842773,23.251684188842773,23.251684188842773,23.251684188842773,0
2021-04-01,23.251684188842773,23.251684188842773,23.251684188842773,23.251684188842773,0
2021-04-05,22.943510055541992,23.05907478612375,22.943510055541992,23.05907478612375,1300
2021-04-06,22.750904083251953,22.928103453483494,22.750904083251953,22.928103453483494,4200
2021-04-07,22.928102493286133,22.928102493286133,22.928102493286133,22.928102493286133,600
2021-04-08,22.928102493286133,22.928102493286133,22.928102493286133,22.928102493286133,0
2021-04-09,22.928102493286133,22.928102493286133,22.928102493286133,22.928102493286133,0
2021-04-12,23.459701538085938,23.459701538085938,23.459701538085938,23.459701538085938,200
2021-04-13,23.521337509155273,23.521337509155273,23.521337509155273,23.521337509155273,100
2021-04-14,23.52903938293457,23.52903938293457,22.928100734453157,22.928100734453157,1900
2021-04-15,23.52903938293457,23.52903938293457,23.52903938293457,23.52903938293457,0
2021-04-16,23.52903938293457,23.52903938293457,23.52903938293457,23.52903938293457,0
2021-04-19,23.52903938293457,23.52903938293457,23.52903938293457,23.52903938293457,0
2021-04-20,23.52903938293457,23.52903938293457,23.52903938293457,23.52903938293457,0
2021-04-21,23.08218765258789,23.08218765258789,23.08218765258789,23.08218765258789,100
2021-04-22,23.08218765258789,23.08218765258789,23.08218765258789,23.08218765258789,0
2021-04-23,23.451995849609375,23.451995849609375,23.297908563798494,23.297908563798494,800
2021-04-26,23.351839065551758,23.351839065551758,23.19004873526723,23.19004873526723,2800
2021-04-27,23.33643341064453,23.359545477145105,23.267094272171988,23.328728898649203,3200
2021-04-28,23.15152359008789,23.27479281923328,22.9280986633188,23.27479281923328,3300
2021-04-29,23.15152359008789,23.15152359008789,23.15152359008789,23.15152359008789,200
2021-04-30,23.33643341064453,23.33643341064453,23.282501826677237,23.33643341064453,4000
2021-05-03,23.33643341064453,23.33643341064453,23.33643341064453,23.33643341064453,0
2021-05-04,23.22856903076172,23.22856903076172,23.22856903076172,23.22856903076172,500
2021-05-05,23.15152359008789,23.37494998634211,23.15152359008789,23.37494998634211,300
2021-05-06,23.33643341064453,23.33643341064453,23.33643341064453,23.33643341064453,200
2021-05-07,23.33643341064453,23.33643341064453,23.33643341064453,23.33643341064453,0
2021-05-10,23.33643341064453,23.33643341064453,23.33643341064453,23.33643341064453,0
2021-05-11,23.33643341064453,23.33643341064453,23.33643341064453,23.33643341064453,0
2021-05-12,23.166933059692383,23.166933059692383,23.166933059692383,23.166933059692383,1400
2021-05-13,23.38265609741211,23.38265609741211,23.321021478620473,23.321021478620473,1000
2021-05-14,23.32872772216797,23.32872772216797,23.32872772216797,23.32872772216797,100
2021-05-17,23.344133377075195,23.344133377075195,23.344133377075195,23.344133377075195,100
2021-05-18,23.344133377075195,23.344133377075195,23.344133377075195,23.344133377075195,0
2021-05-19,23.344133377075195,23.344133377075195,23.344133377075195,23.344133377075195,0
2021-05-20,23.38265609741211,23.482811801891557,23.166934196898772,23.166934196898772,4100
2021-05-21,23.459701538085938,23.459701538085938,23.43658800320886,23.43658800320886,1000
2021-05-24,23.482812881469727,23.482812881469727,23.336431573538253,23.482812881469727,1800
2021-05-25,23.482812881469727,23.482812881469727,23.482812881469727,23.482812881469727,0
2021-05-26,23.367246627807617,23.367246627807617,23.367246627807617,23.367246627807617,400
2021-05-27,23.321022033691406,23.321022033691406,23.321022033691406,23.321022033691406,800
2021-05-28,23.321022033691406,23.321022033691406,23.321022033691406,23.321022033691406,0
2021-06-01,23.321022033691406,23.321022033691406,23.321022033691406,23.321022033691406,0
2021-06-02,23.321022033691406,23.321022033691406,23.321022033691406,23.321022033691406,0
2021-06-03,23.33643341064453,23.33643341064453,23.33643341064453,23.33643341064453,800
2021-06-04,23.313318252563477,23.313318252563477,23.313318252563477,23.313318252563477,200
2021-06-07,23.482812881469727,23.482812881469727,23.482812881469727,23.482812881469727,1100
2021-06-08,23.482812881469727,23.482812881469727,23.482812881469727,23.482812881469727,0
2021-06-09,23.482812881469727,23.482812881469727,23.482812881469727,23.482812881469727,0
2021-06-10,23.482812881469727,23.482812881469727,23.482812881469727,23.482812881469727,0
2021-06-11,23.690828323364258,23.690828323364258,23.690828323364258,23.690828323364258,200
2021-06-14,23.690828323364258,23.690828323364258,23.690828323364258,23.690828323364258,0
2021-06-15,23.54444694519043,23.56756047880916,23.54444694519043,23.56756047880916,500
2021-06-16,23.883440017700195,23.883440017700195,23.62149249349562,23.62149249349562,1300
2021-06-17,23.49822425842285,23.49822425842285,23.49822425842285,23.49822425842285,300
2021-06-18,23.49822425842285,23.49822425842285,23.49822425842285,23.49822425842285,0
2021-06-21,23.374950408935547,23.374950408935547,23.374950408935547,23.374950408935547,200
2021-06-22,23.50592613220215,23.88343836878995,23.50592613220215,23.88343836878995,1200
2021-06-23,23.54444694519043,23.54444694519043,23.54444694519043,23.54444694519043,800
2021-06-24,23.54444694519043,23.54444694519043,23.54444694519043,23.54444694519043,0
2021-06-25,23.54444694519043,23.54444694519043,23.54444694519043,23.54444694519043,0
2021-06-28,23.54444694519043,23.54444694519043,23.54444694519043,23.54444694519043,0
2021-06-29,23.54444694519043,23.54444694519043,23.54444694519043,23.54444694519043,0
2021-06-30,23.54444694519043,23.54444694519043,23.54444694519043,23.54444694519043,0
2021-07-01,23.721649169921875,23.721649169921875,23.721649169921875,23.721649169921875,400
2021-07-02,23.344133377075195,23.5059251686868,23.344133377075195,23.367246910015485,3200
2021-07-06,23.451995849609375,23.451995849609375,23.344134161747654,23.344134161747654,3000
2021-07-07,23.49822425842285,23.49822425842285,23.421180606301427,23.48281523410148,2000
2021-07-08,23.78328514099121,23.84491976830034,23.490519559158777,23.498224071258097,1500
2021-07-09,23.78328514099121,23.78328514099121,23.78328514099121,23.78328514099121,0
2021-07-12,26.10228729248047,26.10228729248047,23.806394390567934,23.868029010583253,3100
2021-07-13,23.49822425842285,23.829510933905173,23.367250490662062,23.829510933905173,3500
2021-07-14,23.49822425842285,23.49822425842285,23.49822425842285,23.49822425842285,200
2021-07-15,23.49822425842285,23.49822425842285,23.49822425842285,23.49822425842285,0
2021-07-16,23.575267791748047,23.575267791748047,23.575267791748047,23.575267791748047,200
2021-07-19,23.883440017700195,23.883440017700195,23.72935272011443,23.72935272011443,400
2021-07-20,23.883440017700195,23.883440017700195,23.883440017700195,23.883440017700195,0
2021-07-21,23.629194259643555,23.629194259643555,23.382655787742063,23.398064809607206,500
2021-07-22,23.629194259643555,23.629194259643555,23.629194259643555,23.629194259643555,0
2021-07-23,23.875732421875,23.875732421875,23.875732421875,23.875732421875,300
2021-07-26,23.875732421875,23.875732421875,23.875732421875,23.875732421875,0
2021-07-27,23.367246627807617,23.51362939569115,23.367246627807617,23.421176734531763,4400
2021-07-28,23.367246627807617,23.367246627807617,23.367246627807617,23.367246627807617,0
2021-07-29,23.367246627807617,23.367246627807617,23.367246627807617,23.367246627807617,0
2021-07-30,23.52903938293457,23.52903938293457,23.52903938293457,23.52903938293457,200
2021-08-02,23.3980655670166,23.482812251047786,23.31331741350016,23.3980655670166,2900
2021-08-03,23.3980655670166,23.3980655670166,23.3980655670166,23.3980655670166,0
2021-08-04,23.521337509155273,23.521337509155273,23.521337509155273,23.521337509155273,400
2021-08-05,23.521337509155273,23.521337509155273,23.521337509155273,23.521337509155273,0
2021-08-06,23.521337509155273,23.521337509155273,23.521337509155273,23.521337509155273,0
2021-08-09,23.51363182067871,23.51363182067871,23.35954452601693,23.35954452601693,400
2021-08-10,23.51363182067871,23.51363182067871,23.51363182067871,23.51363182067871,0
2021-08-11,23.405771255493164,23.405771255493164,23.405771255493164,23.405771255493164,500
2021-08-12,23.613788604736328,23.613788604736328,23.613788604736328,23.613788604736328,300
2021-08-13,23.351839065551758,23.4057691756466,23.344134554183167,23.4057691756466,2800
2021-08-16,23.351839065551758,23.351839065551758,23.351839065551758,23.351839065551758,0
2021-08-17,23.521337509155273,23.521337509155273,23.344136670583094,23.344136670583094,900
2021-08-18,23.344133377075195,23.344133377075195,23.344133377075195,23.344133377075195,200
2021-08-19,23.344133377075195,23.344133377075195,23.344133377075195,23.344133377075195,0
2021-08-20,23.883440017700195,23.883440017700195,23.883440017700195,23.883440017700195,200
2021-08-23,23.883440017700195,23.883440017700195,23.883440017700195,23.883440017700195,0
2021-08-24,23.883440017700195,23.883440017700195,23.883440017700195,23.883440017700195,0
2021-08-25,23.883440017700195,23.883440017700195,23.883440017700195,23.883440017700195,0
2021-08-26,23.829509735107422,23.875735336260618,23.829509735107422,23.868030824487523,500
2021-08-27,23.829509735107422,23.829509735107422,23.829509735107422,23.829509735107422,0
2021-08-30,23.829509735107422,23.829509735107422,23.829509735107422,23.829509735107422,0
2021-08-31,23.829509735107422,23.829509735107422,23.829509735107422,23.829509735107422,0
2021-09-01,23.829509735107422,23.829509735107422,23.829509735107422,23.829509735107422,0
2021-09-02,23.829509735107422,23.829509735107422,23.829509735107422,23.829509735107422,0
2021-09-03,23.829509735107422,23.829509735107422,23.829509735107422,23.829509735107422,0
2021-09-07,23.829509735107422,23.829509735107422,23.829509735107422,23.829509735107422,0
2021-09-08,23.829509735107422,23.829509735107422,23.829509735107422,23.829509735107422,0
2021-09-09,23.829509735107422,23.829509735107422,23.829509735107422,23.829509735107422,0
2021-09-10,23.829509735107422,23.829509735107422,23.829509735107422,23.829509735107422,0
2021-09-13,23.49822425842285,23.49822425842285,23.49822425842285,23.49822425842285,300
2021-09-14,24.299474716186523,24.299474716186523,23.690831510245136,23.690831510245136,1200
2021-09-15,24.299474716186523,24.299474716186523,24.299474716186523,24.299474716186523,0
2021-09-16,24.299474716186523,24.299474716186523,24.299474716186523,24.299474716186523,0
2021-09-17,23.49822425842285,24.183909676384115,23.49822425842285,24.183909676384115,1400
2021-09-20,23.667715072631836,23.690828605163738,23.49051573167616,23.49051573167616,2300
2021-09-21,23.55985450744629,23.55985450744629,23.55985450744629,23.55985450744629,200
2021-09-22,23.38265609741211,23.413472672065314,23.34413354223907,23.405768161030707,3900
2021-09-23,23.3980655670166,23.3980655670166,23.3980655670166,23.3980655670166,200
2021-09-24,23.3980655670166,23.3980655670166,23.3980655670166,23.3980655670166,0
2021-09-27,23.3980655670166,23.3980655670166,23.3980655670166,23.3980655670166,0
2021-09-28,23.3980655670166,23.3980655670166,23.3980655670166,23.3980655670166,0
2021-09-29,23.3980655670166,23.3980655670166,23.3980655670166,23.3980655670166,0
2021-09-30,23.3980655670166,23.3980655670166,23.3980655670166,23.3980655670166,0
2021-10-01,23.421175003051758,23.421175003051758,23.413470492734287,23.421175003051758,500
2021-10-04,23.413475036621094,23.413475036621094,23.413475036621094,23.413475036621094,1800
2021-10-05,23.49822425842285,23.49822425842285,23.41347609414074,23.41347609414074,2200
2021-10-06,23.54444694519043,23.54444694519043,23.536742433984188,23.54444694519043,1300
2021-10-07,23.54444694519043,23.54444694519043,23.54444694519043,23.54444694519043,0
2021-10-08,23.54444694519043,23.54444694519043,23.54444694519043,23.54444694519043,0
2021-10-11,24.099159240722656,24.615349719477905,23.575264251002675,23.575264251002675,2200
2021-10-12,24.099159240722656,24.099159240722656,24.099159240722656,24.099159240722656,0
2021-10-13,23.55985450744629,23.55985450744629,23.55985450744629,23.55985450744629,100
2021-10-14,23.55985450744629,23.55985450744629,23.55985450744629,23.55985450744629,0
2021-10-15,23.55985450744629,23.55985450744629,23.55985450744629,23.55985450744629,0
2021-10-18,23.55985450744629,23.55985450744629,23.55985450744629,23.55985450744629,0
2021-10-19,23.613788604736328,24.00670990141073,23.613788604736328,24.00670990141073,1900
2021-10-20,23.621492385864258,23.621492385864258,23.621492385864258,23.621492385864258,100
2021-10-21,23.621492385864258,23.621492385864258,23.621492385864258,23.621492385864258,0
2021-10-22,23.621492385864258,23.621492385864258,23.621492385864258,23.621492385864258,0
2021-10-25,23.621492385864258,23.621492385864258,23.621492385864258,23.621492385864258,0
2021-10-26,23.613788604736328,23.613788604736328,23.613788604736328,23.613788604736328,1400
2021-10-27,23.613788604736328,23.613788604736328,23.613788604736328,23.613788604736328,0
2021-10-28,23.613788604736328,23.613788604736328,23.613788604736328,23.613788604736328,0
2021-10-29,24.037527084350586,24.461264944412402,24.037527084350586,24.060639150126644,1900
2021-11-01,24.10686683654785,24.46126556936519,24.10686683654785,24.46126556936519,400
2021-11-02,23.65230941772461,23.767874150683888,23.65230941772461,23.667716971163287,1500
2021-11-03,23.65230941772461,23.65230941772461,23.65230941772461,23.65230941772461,0
2021-11-04,23.65230941772461,23.65230941772461,23.65230941772461,23.65230941772461,0
2021-11-05,23.65230941772461,23.65230941772461,23.65230941772461,23.65230941772461,0
2021-11-08,23.65230941772461,23.65230941772461,23.65230941772461,23.65230941772461,0
2021-11-09,23.351839065551758,23.513630865321574,23.351839065551758,23.513630865321574,300
2021-11-10,23.351839065551758,23.351839065551758,23.351839065551758,23.351839065551758,0
2021-11-11,23.351839065551758,23.351839065551758,23.351839065551758,23.351839065551758,0
2021-11-12,23.975893020629883,23.975893020629883,23.975893020629883,23.975893020629883,500
2021-11-15,23.875732421875,23.875732421875,23.875732421875,23.875732421875,200
2021-11-16,23.937368392944336,24.022116547411574,23.767873553495125,24.022116547411574,1800
2021-11-17,23.937368392944336,23.937368392944336,23.937368392944336,23.937368392944336,0
2021-11-18,23.883440017700195,23.883440017700195,23.883440017700195,23.883440017700195,400
2021-11-19,23.883440017700195,23.883440017700195,23.883440017700195,23.883440017700195,0
2021-11-22,23.891143798828125,23.891143798828125,23.891143798828125,23.891143798828125,1300
2021-11-23,23.883440017700195,23.883440017700195,23.883440017700195,23.883440017700195,400
2021-11-24,23.883440017700195,23.883440017700195,23.883440017700195,23.883440017700195,0
2021-11-26,23.883440017700195,23.883440017700195,23.883440017700195,23.883440017700195,0
2021-11-29,23.54444694519043,23.883438090838855,23.54444694519043,23.883438090838855,1300
2021-11-30,23.54444694519043,23.54444694519043,23.54444694519043,23.54444694519043,0
2021-12-01,23.54444694519043,23.54444694519043,23.54444694519043,23.54444694519043,0
2021-12-02,23.636899948120117,24.268655181211795,23.49822168339555,24.029821208344636,4000
2021-12-03,23.65230941772461,23.65230941772461,23.65230941772461,23.65230941772461,100
2021-12-06,23.65230941772461,24.245542105444976,23.65230941772461,24.245542105444976,1400
2021-12-07,23.829509735107422,23.829509735107422,23.536744165671333,23.536744165671333,700
2021-12-08,23.829509735107422,23.829509735107422,23.829509735107422,23.829509735107422,0
2021-12-09,23.829509735107422,23.829509735107422,23.829509735107422,23.829509735107422,0
2021-12-10,23.829509735107422,23.829509735107422,23.829509735107422,23.829509735107422,0
2021-12-13,23.829509735107422,23.829509735107422,23.829509735107422,23.829509735107422,0
2021-12-14,23.829509735107422,23.829509735107422,23.829509735107422,23.829509735107422,0
2021-12-15,23.575267791748047,24.260953206254126,23.482815115771118,24.260953206254126,8800
2021-12-16,24.014476776123047,24.014476776123047,23.374617775871986,23.374617775871986,1800
2021-12-17,24.014476776123047,24.014476776123047,24.014476776123047,24.014476776123047,0
2021-12-20,23.93547821044922,23.974976604265667,23.47730738914608,23.959177246739088,1300
2021-12-21,23.9196834564209,23.9354813092831,23.9196834564209,23.9354813092831,400
2021-12-22,23.9196834564209,23.9196834564209,23.9196834564209,23.9196834564209,0
2021-12-23,23.9196834564209,23.9196834564209,23.9196834564209,23.9196834564209,0
2021-12-27,23.9196834564209,23.9196834564209,23.9196834564209,23.9196834564209,0
2021-12-28,23.64320182800293,23.659001188334948,23.540507492554728,23.659001188334948,2700
2021-12-29,23.540508270263672,23.635302928677596,23.540508270263672,23.635302928677596,1300
2021-12-30,23.89598846435547,23.89598846435547,23.89598846435547,23.89598846435547,600
2021-12-31,23.89598846435547,23.89598846435547,23.89598846435547,23.89598846435547,0
2022-01-03,23.89598846435547,23.89598846435547,23.89598846435547,23.89598846435547,0
2022-01-04,23.89598846435547,23.89598846435547,23.89598846435547,23.89598846435547,0
2022-01-05,23.580005645751953,23.580005645751953,23.580005645751953,23.580005645751953,500
2022-01-06,23.595806121826172,23.595806121826172,23.595806121826172,23.595806121826172,300
2022-01-07,23.595806121826172,23.595806121826172,23.595806121826172,23.595806121826172,0
2022-01-10,23.595806121826172,23.595806121826172,23.595806121826172,23.595806121826172,0
2022-01-11,23.698495864868164,23.698495864868164,23.698495864868164,23.698495864868164,300
2022-01-12,23.737995147705078,23.737995147705078,23.69849825330022,23.69849825330022,700
2022-01-13,23.880186080932617,23.880186080932617,23.872286400808026,23.872286400808026,700
2022-01-14,23.880186080932617,23.880186080932617,23.880186080932617,23.880186080932617,0
2022-01-18,23.880186080932617,23.880186080932617,23.880186080932617,23.880186080932617,0
2022-01-19,23.880186080932617,23.880186080932617,23.84068918701959,23.84068918701959,700
2022-01-20,23.880186080932617,23.880186080932617,23.880186080932617,23.880186080932617,0
2022-01-21,23.880186080932617,23.880186080932617,23.880186080932617,23.880186080932617,0
2022-01-24,23.71430015563965,23.71430015563965,23.54051018552618,23.595807953014166,1300
2022-01-25,23.71430015563965,23.71430015563965,23.71430015563965,23.71430015563965,0
2022-01-26,23.71430015563965,23.79329545962667,23.71430015563965,23.79329545962667,400
2022-01-27,23.71430015563965,23.71430015563965,23.71430015563965,23.71430015563965,0
2022-01-28,22.99544334411621,23.80119114162086,22.99544334411621,23.548407400700974,4500
2022-01-31,22.99544334411621,22.99544334411621,22.99544334411621,22.99544334411621,0
2022-02-01,23.572105407714844,23.572105407714844,23.066537948045852,23.066537948045852,500
2022-02-02,23.572105407714844,23.572105407714844,23.572105407714844,23.572105407714844,0
2022-02-03,23.572105407714844,23.572105407714844,23.572105407714844,23.572105407714844,0
2022-02-04,23.572105407714844,23.572105407714844,23.572105407714844,23.572105407714844,0
2022-02-07,23.572105407714844,23.572105407714844,23.572105407714844,23.572105407714844,0
2022-02-08,23.572105407714844,23.572105407714844,23.572105407714844,23.572105407714844,0
2022-02-09,22.537273406982422,22.908549354098763,22.300287509638153,22.56887062260232,6400
2022-02-10,22.30028533935547,22.30028533935547,22.30028533935547,22.30028533935547,1200
2022-02-11,22.11859893798828,22.434578621474692,22.11859893798828,22.434578621474692,400
2022-02-14,22.11859893798828,22.11859893798828,22.11859893798828,22.11859893798828,0
2022-02-15,21.763120651245117,22.11859873357586,21.723623756190577,22.11859873357586,3900
2022-02-16,20.933671951293945,21.723621836248434,19.35377218138497,21.723621836248434,12200
2022-02-17,20.94947052001953,21.14695798380544,20.933671161306314,20.933671161306314,5000
2022-02-18,21.115358352661133,21.115358352661133,21.05216242725269,21.107458673646363,2800
2022-02-22,21.115358352661133,21.115358352661133,21.115358352661133,21.115358352661133,0
2022-02-23,21.075862884521484,21.075862884521484,20.70458547935687,20.70458547935687,2000
2022-02-24,21.328649520874023,21.328649520874023,20.744086714810827,20.744086714810827,4000
2022-02-25,21.328649520874023,21.328649520874023,21.131162025310374,21.139061705938122,900
2022-02-28,21.328649520874023,21.328649520874023,21.328649520874023,21.328649520874023,0
2022-03-01,21.707822799682617,21.707822799682617,21.557733404140873,21.557733404140873,600
2022-03-02,21.707822799682617,21.707822799682617,21.707822799682617,21.707822799682617,0
2022-03-03,21.707822799682617,21.707822799682617,21.707822799682617,21.707822799682617,0
2022-03-04,21.40764045715332,21.40764045715332,21.40764045715332,21.40764045715332,200
2022-03-07,21.40764045715332,21.40764045715332,21.40764045715332,21.40764045715332,0
2022-03-08,21.40764045715332,21.40764045715332,21.40764045715332,21.40764045715332,0
2022-03-09,21.34444808959961,21.41554370589951,21.34444808959961,21.41554370589951,600
2022-03-10,21.34444808959961,21.34444808959961,21.34444808959961,21.34444808959961,0
2022-03-11,21.34444808959961,21.34444808959961,21.34444808959961,21.34444808959961,0
2022-03-14,21.526134490966797,21.526134490966797,21.526134490966797,21.526134490966797,700
2022-03-15,21.083765029907227,21.486639693668383,20.71248758132009,20.71248758132009,5200
2022-03-16,21.328649520874023,21.328649520874023,21.320749840246275,21.320749840246275,1100
2022-03-17,21.328649520874023,21.328649520874023,21.328649520874023,21.328649520874023,0
2022-03-18,20.941572189331055,21.407642754418212,20.933672509465694,21.249652170530748,1300
2022-03-21,20.941572189331055,20.941572189331055,20.941572189331055,20.941572189331055,0
2022-03-22,20.933671951293945,21.32864689377119,20.933671951293945,21.32864689377119,700
2022-03-23,20.933671951293945,20.933671951293945,20.933671951293945,20.933671951293945,0
2022-03-24,20.933671951293945,20.933671951293945,20.933671951293945,20.933671951293945,0
2022-03-25,20.933671951293945,20.933671951293945,20.933671951293945,20.933671951293945,0
2022-03-28,20.933671951293945,20.933671951293945,20.933671951293945,20.933671951293945,0
2022-03-29,20.933671951293945,20.933671951293945,20.933671951293945,20.933671951293945,0
2022-03-30,20.933671951293945,20.933671951293945,20.933671951293945,20.933671951293945,0
2022-03-31,20.933671951293945,20.933671951293945,20.933671951293945,20.933671951293945,0
2022-04-01,20.933671951293945,20.933671951293945,20.933671951293945,20.933671951293945,0
2022-04-04,21.328649520874023,22.02380484230566,21.19435796362234,21.19435796362234,3500
2022-04-05,21.139060974121094,21.139060974121094,20.775683211374613,20.775683211374613,1300
2022-04-06,21.139060974121094,21.139060974121094,21.139060974121094,21.139060974121094,0
2022-04-07,21.139060974121094,21.139060974121094,21.139060974121094,21.139060974121094,0
2022-04-08,21.139060974121094,21.139060974121094,21.139060974121094,21.139060974121094,0
2022-04-11,20.933671951293945,20.933671951293945,20.933671951293945,20.933671951293945,400
2022-04-12,21.462940216064453,21.462940216064453,21.328648664206604,21.328648664206604,700
2022-04-13,21.257551193237305,21.573530844534123,21.257551193237305,21.573530844534123,1400
2022-04-14,21.257551193237305,21.257551193237305,21.257551193237305,21.257551193237305,0
2022-04-18,21.257551193237305,21.257551193237305,21.257551193237305,21.257551193237305,0
2022-04-19,21.257551193237305,21.257551193237305,21.257551193237305,21.257551193237305,0
2022-04-20,21.257551193237305,21.257551193237305,21.257551193237305,21.257551193237305,0
2022-04-21,21.257551193237305,21.257551193237305,21.257551193237305,21.257551193237305,0
2022-04-22,20.996868133544922,20.996868133544922,20.77568162069041,20.77568162069041,200
2022-04-25,20.815181732177734,20.815181732177734,20.815181732177734,20.815181732177734,100
2022-04-26,20.815181732177734,20.815181732177734,20.815181732177734,20.815181732177734,0
2022-04-27,21.581430435180664,21.581430435180664,21.581430435180664,21.581430435180664,300
2022-04-28,21.581430435180664,21.581430435180664,21.581430435180664,21.581430435180664,0
2022-04-29,21.581430435180664,21.581430435180664,21.581430435180664,21.581430435180664,0
2022-05-02,21.581430435180664,21.581430435180664,21.581430435180664,21.581430435180664,0
2022-05-03,21.036367416381836,21.036367416381836,20.775683981863143,20.775683981863143,700
2022-05-04,21.123258590698242,21.123258590698242,21.091661380512665,21.091661380512665,1400
2022-05-05,20.815181732177734,20.92577424434997,20.775683330180524,20.886277349062738,1600
2022-05-06,20.973169326782227,20.973169326782227,20.933672434307102,20.933672434307102,1200
2022-05-09,20.973169326782227,20.973169326782227,20.973169326782227,20.973169326782227,0
2022-05-10,20.744083404541016,20.894174299097205,20.617691548086263,20.894174299097205,1800
2022-05-11,20.744083404541016,20.744083404541016,20.744083404541016,20.744083404541016,0
2022-05-12,20.744083404541016,20.744083404541016,20.744083404541016,20.744083404541016,0
2022-05-13,20.744083404541016,20.744083404541016,20.744083404541016,20.744083404541016,0
2022-05-16,20.617694854736328,20.617694854736328,20.578196451565884,20.578196451565884,400
2022-05-17,20.617694854736328,20.617694854736328,20.617694854736328,20.617694854736328,0
2022-05-18,20.58609390258789,20.58609390258789,20.57819422280939,20.57819422280939,900
2022-05-19,21.15485954284668,21.15485954284668,21.15485954284668,21.15485954284668,200
2022-05-20,20.85467529296875,20.93367057762248,20.85467529296875,20.93367057762248,1500
2022-05-23,20.85467529296875,20.85467529296875,20.85467529296875,20.85467529296875,0
2022-05-24,20.672988891601562,20.854677006537113,20.617692639813338,20.617692639813338,2700
2022-05-25,20.672988891601562,20.672988891601562,20.672988891601562,20.672988891601562,0
2022-05-26,20.672988891601562,20.672988891601562,20.672988891601562,20.672988891601562,0
2022-05-27,20.672988891601562,20.672988891601562,20.672988891601562,20.672988891601562,0
2022-05-31,21.328649520874023,21.431342355614714,20.933674529746728,20.933674529746728,4400
2022-06-01,21.328649520874023,21.328649520874023,21.328649520874023,21.328649520874023,0
2022-06-02,21.328649520874023,21.328649520874023,21.328649520874023,21.328649520874023,0
2022-06-03,21.241750717163086,21.241750717163086,20.609791447796106,20.609791447796106,400
2022-06-06,21.328649520874023,21.328649520874023,21.328649520874023,21.328649520874023,200
2022-06-07,21.233854293823242,21.233854293823242,20.957373012774873,20.957373012774873,1000
2022-06-08,21.233854293823242,21.233854293823242,21.233854293823242,21.233854293823242,0
2022-06-09,20.680889129638672,20.680889129638672,20.680889129638672,20.680889129638672,100
2022-06-10,20.933671951293945,20.933671951293945,20.933671951293945,20.933671951293945,700
2022-06-13,20.933671951293945,20.933671951293945,20.933671951293945,20.933671951293945,0
2022-06-14,21.052165985107422,21.052165985107422,21.052165985107422,21.052165985107422,600
2022-06-15,21.052165985107422,21.052165985107422,21.052165985107422,21.052165985107422,0
2022-06-16,20.650535583496094,20.861919207861366,20.650535583496094,20.861919207861366,1400
2022-06-17,20.34159278869629,20.935092115331926,20.34159278869629,20.935092115331926,3000
2022-06-21,20.528583526611328,21.057041802304962,20.528583526611328,20.861918818234987,700
2022-06-22,20.894441604614258,21.073303965294393,20.894441604614258,21.073303965294393,600
2022-06-23,20.894441604614258,20.894441604614258,20.894441604614258,20.894441604614258,0
2022-06-24,20.943222045898438,20.943222045898438,20.943222045898438,20.943222045898438,100
2022-06-27,20.943222045898438,20.943222045898438,20.943222045898438,20.943222045898438,0
2022-06-28,20.64240837097168,20.64240837097168,20.64240837097168,20.64240837097168,600
2022-06-29,20.64240837097168,20.64240837097168,20.64240837097168,20.64240837097168,0
2022-06-30,20.64240837097168,20.64240837097168,20.64240837097168,20.64240837097168,0
2022-07-01,20.658666610717773,20.658666610717773,20.658666610717773,20.658666610717773,400
2022-07-05,20.658666610717773,20.658666610717773,20.658666610717773,20.658666610717773,0
2022-07-06,20.658666610717773,20.658666610717773,20.658666610717773,20.658666610717773,0
2022-07-07,20.658666610717773,20.658666610717773,20.658666610717773,20.658666610717773,0
2022-07-08,20.34159278869629,20.422894427439477,20.34159278869629,20.414764108495177,1200
2022-07-11,20.34159278869629,20.34159278869629,20.34159278869629,20.34159278869629,0
2022-07-12,20.813140869140625,20.813140869140625,20.528585902920575,20.528585902920575,2000
2022-07-13,20.487937927246094,20.487937927246094,20.406636278586394,20.406636278586394,400
2022-07-14,20.536718368530273,20.813143044527354,20.487937999442547,20.561109328424124,2100
2022-07-15,20.650535583496094,20.650535583496094,20.53671422833774,20.53671422833774,800
2022-07-18,20.650535583496094,20.650535583496094,20.48793386908411,20.569233950940273,1900
2022-07-19,21.113954544067383,21.113954544067383,20.60175685462091,20.60175685462091,2600
2022-07-20,21.113954544067383,21.113954544067383,21.113954544067383,21.113954544067383,0
2022-07-21,20.73183822631836,20.85378990574499,20.73183822631836,20.829400500279505,1800
2022-07-22,22.1871337890625,22.1871337890625,21.46355089472563,21.46355089472563,500
2022-07-25,22.1871337890625,22.1871337890625,22.1871337890625,22.1871337890625,0
2022-07-26,22.1871337890625,22.1871337890625,22.1871337890625,22.1871337890625,0
2022-07-27,20.73183822631836,20.89444149935369,20.382242274782207,20.89444149935369,3500
2022-07-28,21.13834571838379,21.13834571838379,21.13834571838379,21.13834571838379,200
2022-07-29,21.82940673828125,21.935097781696204,21.82940673828125,21.935097781696204,3500
2022-08-01,21.82940673828125,21.82940673828125,21.82940673828125,21.82940673828125,400
2022-08-02,21.62615394592285,21.62615394592285,21.62615394592285,21.62615394592285,100
2022-08-03,21.62615394592285,21.62615394592285,21.62615394592285,21.62615394592285,0
2022-08-04,21.62615394592285,21.62615394592285,21.62615394592285,21.62615394592285,0
2022-08-05,21.4310302734375,21.4310302734375,21.4310302734375,21.4310302734375,100
2022-08-08,21.4310302734375,21.4310302734375,21.4310302734375,21.4310302734375,0
2022-08-09,21.4310302734375,21.4310302734375,21.4310302734375,21.4310302734375,0
2022-08-10,21.4310302734375,21.4310302734375,21.4310302734375,21.4310302734375,0
2022-08-11,21.4310302734375,21.4310302734375,21.4310302734375,21.4310302734375,0
2022-08-12,21.4310302734375,21.4310302734375,21.4310302734375,21.4310302734375,0
2022-08-15,21.4310302734375,21.4310302734375,21.4310302734375,21.4310302734375,0
2022-08-16,21.4310302734375,21.4310302734375,21.4310302734375,21.4310302734375,0
2022-08-17,21.4310302734375,21.4310302734375,21.4310302734375,21.4310302734375,0
2022-08-18,21.31720733642578,21.333467973959607,21.31720733642578,21.333467973959607,400
2022-08-19,21.31720733642578,21.31720733642578,21.31720733642578,21.31720733642578,0
2022-08-22,21.31720733642578,21.31720733642578,21.31720733642578,21.31720733642578,0
2022-08-23,21.31720733642578,21.31720733642578,21.31720733642578,21.31720733642578,0
2022-08-24,21.31720733642578,21.31720733642578,21.31720733642578,21.31720733642578,0
2022-08-25,21.13834571838379,21.13834571838379,21.13834571838379,21.13834571838379,1800
2022-08-26,21.13834571838379,21.13834571838379,21.13834571838379,21.13834571838379,0
2022-08-29,22.097702026367188,22.17900366755298,21.30094935428606,21.30094935428606,1500
2022-08-30,21.62615394592285,21.62615394592285,21.30094893823149,21.30094893823149,400
2022-08-31,21.62615394592285,21.62615394592285,21.62615394592285,21.62615394592285,0
2022-09-01,22.138351440429688,22.138351440429688,22.138351440429688,22.138351440429688,400
2022-09-02,21.707454681396484,21.707454681396484,21.309076819029894,21.309076819029894,700
2022-09-06,21.634281158447266,21.634281158447266,21.634281158447266,21.634281158447266,200
2022-09-07,21.634281158447266,21.634281158447266,21.634281158447266,21.634281158447266,0
2022-09-08,21.634281158447266,21.634281158447266,21.634281158447266,21.634281158447266,0
2022-09-09,21.634281158447266,21.634281158447266,21.634281158447266,21.634281158447266,0
2022-09-12,21.4310302734375,21.59363199686601,21.31720736126782,21.59363199686601,700
2022-09-13,21.4310302734375,21.4310302734375,21.4310302734375,21.4310302734375,0
2022-09-14,21.4310302734375,21.4310302734375,21.4310302734375,21.4310302734375,0
2022-09-15,21.341596603393555,21.349726921516897,21.341596603393555,21.349726921516897,300
2022-09-16,21.341596603393555,21.341596603393555,21.341596603393555,21.341596603393555,0
2022-09-19,21.634281158447266,21.634281158447266,21.634281158447266,21.634281158447266,300
2022-09-20,21.45542335510254,21.45542335510254,21.45542335510254,21.45542335510254,500
2022-09-21,21.45542335510254,21.45542335510254,21.45542335510254,21.45542335510254,0
2022-09-22,21.45542335510254,21.45542335510254,21.45542335510254,21.45542335510254,0
2022-09-23,21.45542335510254,21.45542335510254,21.45542335510254,21.45542335510254,0
2022-09-26,21.219646453857422,21.219646453857422,21.219646453857422,21.219646453857422,700
2022-09-27,21.219646453857422,21.219646453857422,21.219646453857422,21.219646453857422,600
2022-09-28,21.13021469116211,21.3334680085654,21.13021469116211,21.22777696582358,2500
2022-09-29,20.894441604614258,21.00826296589255,20.894441604614258,20.975741690841755,2700
2022-09-30,20.853788375854492,20.853788375854492,20.845658057729214,20.845658057729214,500
2022-10-03,21.09769630432129,21.09769630432129,20.349723986828245,20.349723986828245,800
2022-10-04,21.09769630432129,21.09769630432129,21.09769630432129,21.09769630432129,0
2022-10-05,20.34159278869629,21.130215117895705,20.34159278869629,21.0976953928183,3900
2022-10-06,20.56923484802246,20.772488162926635,20.56923484802246,20.772488162926635,2600
2022-10-07,20.56923484802246,20.56923484802246,20.56923484802246,20.56923484802246,0
2022-10-10,20.56923484802246,20.56923484802246,20.56923484802246,20.56923484802246,0
2022-10-11,20.34159278869629,20.479805109349773,20.34159278869629,20.479805109349773,500
2022-10-12,20.34159278869629,20.34159278869629,20.34159278869629,20.34159278869629,0
2022-10-13,20.34159278869629,20.34159278869629,20.34159278869629,20.34159278869629,0
2022-10-14,20.34159278869629,20.48793542829407,20.268421468897397,20.268421468897397,1000
2022-10-17,20.528583526611328,20.528583526611328,20.162726962292858,20.162726962292858,800
2022-10-18,20.528583526611328,20.528583526611328,20.528583526611328,20.528583526611328,0
2022-10-19,20.528583526611328,20.528583526611328,20.528583526611328,20.528583526611328,0
2022-10-20,19.756221771240234,19.92695536370366,19.739962684429226,19.92695536370366,2200
2022-10-21,19.756221771240234,19.756221771240234,19.756221771240234,19.756221771240234,0
2022-10-24,19.73996353149414,19.73996353149414,19.73996353149414,19.73996353149414,100
2022-10-25,19.975732803344727,20.2440270802252,19.975732803344727,20.2440270802252,1000
2022-10-26,20.325332641601562,20.325332641601562,20.325332641601562,20.325332641601562,100
2022-10-27,20.325332641601562,20.325332641601562,20.325332641601562,20.325332641601562,0
2022-10-28,20.325332641601562,20.325332641601562,20.325332641601562,20.325332641601562,0
2022-10-31,20.56923484802246,20.56923484802246,20.56923484802246,20.56923484802246,400
2022-11-01,20.56923484802246,20.56923484802246,20.56923484802246,20.56923484802246,0
2022-11-02,20.56923484802246,20.56923484802246,20.56923484802246,20.56923484802246,0
2022-11-03,20.56923484802246,20.56923484802246,20.56923484802246,20.56923484802246,0
2022-11-04,20.56923484802246,20.56923484802246,20.56923484802246,20.56923484802246,0
2022-11-07,20.618017196655273,20.618017196655273,18.910689005170454,20.56923528354159,2100
2022-11-08,20.650535583496094,20.650535583496094,20.650535583496094,20.650535583496094,1400
2022-11-09,20.650535583496094,20.650535583496094,20.650535583496094,20.650535583496094,0
2022-11-10,20.650535583496094,20.650535583496094,20.650535583496094,20.650535583496094,700
2022-11-11,20.650535583496094,20.650535583496094,20.650535583496094,20.650535583496094,400
2022-11-14,20.650535583496094,20.650535583496094,20.650535583496094,20.650535583496094,200
2022-11-15,20.325332641601562,21.057044306559256,20.048907993619796,21.057044306559256,800
2022-11-16,20.325332641601562,20.325332641601562,20.325332641601562,20.325332641601562,0
2022-11-17,20.325332641601562,20.325332641601562,20.325332641601562,20.325332641601562,0
2022-11-18,20.650535583496094,20.650535583496094,20.650535583496094,20.650535583496094,100
2022-11-21,20.178987503051758,20.178987503051758,20.0895555542643,20.130207144940247,1100
2022-11-22,20.325332641601562,20.731839294433595,20.325332641601562,20.325332641601562,700
2022-11-23,20.325332641601562,20.325332641601562,20.325332641601562,20.325332641601562,0
2022-11-25,20.1220760345459,20.1220760345459,20.1220760345459,20.1220760345459,300
2022-11-28,19.87004852294922,21.45542376982333,19.87004852294922,20.772492369394467,2800
2022-11-29,20.13020896911621,20.13020896911621,20.13020896911621,20.13020896911621,300
2022-11-30,20.13020896911621,20.13020896911621,20.13020896911621,20.13020896911621,0
2022-12-01,20.496065139770508,20.496065139770508,20.325333086182503,20.325333086182503,400
2022-12-02,21.46354866027832,21.46354866027832,21.46354866027832,21.46354866027832,100
2022-12-05,21.46354866027832,21.46354866027832,21.46354866027832,21.46354866027832,0
2022-12-06,21.46354866027832,21.46354866027832,21.46354866027832,21.46354866027832,0
2022-12-07,21.46354866027832,21.46354866027832,21.46354866027832,21.46354866027832,0
2022-12-08,21.46354866027832,21.46354866027832,21.46354866027832,21.46354866027832,0
2022-12-09,21.46354866027832,21.46354866027832,21.46354866027832,21.46354866027832,0
2022-12-12,21.13834571838379,21.13834571838379,21.13834571838379,21.13834571838379,300
2022-12-13,21.13834571838379,21.13834571838379,21.13834571838379,21.13834571838379,0
2022-12-14,21.13834571838379,21.13834571838379,21.13834571838379,21.13834571838379,0
2022-12-15,21.13834571838379,21.13834571838379,21.13834571838379,21.13834571838379,0
2022-12-16,21.771390914916992,21.771390914916992,21.771390914916992,21.771390914916992,0
2022-12-19,20.30600929260254,20.30600929260254,19.92082390357613,20.12179040182553,600
2022-12-20,20.934030532836914,20.967525748316547,20.934030532836914,20.967525748316547,900
2022-12-21,21.687654495239258,21.771390933642753,21.687654495239258,21.771390933642753,400
2022-12-22,21.687654495239258,21.687654495239258,21.687654495239258,21.687654495239258,0
2022-12-23,21.687654495239258,21.687654495239258,21.687654495239258,21.687654495239258,0
2022-12-27,20.858667373657227,20.858667373657227,20.84191976633612,20.84191976633612,300
2022-12-28,20.858667373657227,20.858667373657227,20.858667373657227,20.858667373657227,0
2022-12-29,20.439985275268555,20.53209551164346,20.389744054127526,20.53209551164346,1600
2022-12-30,20.389747619628906,20.389747619628906,20.389747619628906,20.389747619628906,200
2023-01-03,20.389747619628906,20.389747619628906,20.389747619628906,20.389747619628906,0
2023-01-04,20.389747619628906,20.389747619628906,20.389747619628906,20.389747619628906,0
2023-01-05,20.389747619628906,20.389747619628906,20.389747619628906,20.389747619628906,0
2023-01-06,20.389747619628906,20.389747619628906,20.389747619628906,20.389747619628906,0
2023-01-09,20.632579803466797,20.632579803466797,20.632579803466797,20.632579803466797,300
2023-01-10,20.632579803466797,20.632579803466797,20.632579803466797,20.632579803466797,0
2023-01-11,20.473480224609375,20.473480224609375,20.31438116304247,20.31438116304247,500
2023-01-12,20.80842399597168,20.80842399597168,20.80842399597168,20.80842399597168,1200
2023-01-13,20.80842399597168,20.80842399597168,20.80842399597168,20.80842399597168,0
2023-01-17,20.699569702148438,20.699569702148438,20.699569702148438,20.699569702148438,200
2023-01-18,20.934030532836914,20.934030532836914,20.733064031378454,20.733064031378454,700
2023-01-19,21.294095993041992,21.294095993041992,20.934030414372423,20.942404218194945,5600
2023-01-20,21.143369674682617,21.143369674682617,20.55721621316227,20.55721621316227,1500
2023-01-23,21.143369674682617,21.143369674682617,21.143369674682617,21.143369674682617,0
2023-01-24,21.143369674682617,21.143369674682617,21.01776581782531,21.01776581782531,1500
2023-01-25,21.143369674682617,21.143369674682617,21.143369674682617,21.143369674682617,0
2023-01-26,21.143369674682617,21.143369674682617,21.143369674682617,21.143369674682617,0
2023-01-27,21.143369674682617,21.15174347809173,21.143369674682617,21.143369674682617,3100
2023-01-30,20.934030532836914,21.143370838165282,20.80842666906785,21.143370838165282,16700
2023-01-31,21.068008422851562,21.068008422851562,21.068008422851562,21.068008422851562,400
2023-02-01,21.068008422851562,21.068008422851562,21.068008422851562,21.068008422851562,0
2023-02-02,21.068008422851562,21.068008422851562,21.068008422851562,21.068008422851562,0
2023-02-03,21.068008422851562,21.118249649461536,21.068008422851562,21.118249649461536,1300
2023-02-06,21.068008422851562,21.068008422851562,21.068008422851562,21.068008422851562,0
2023-02-07,21.068008422851562,21.068008422851562,21.068008422851562,21.068008422851562,0
2023-02-08,20.942401885986328,21.01776451485664,20.942401885986328,21.01776451485664,1400
2023-02-09,21.36945915222168,21.36945915222168,20.93403092565451,20.93403092565451,2300
2023-02-10,20.984270095825195,20.984270095825195,20.984270095825195,20.984270095825195,300
2023-02-13,21.252227783203125,21.252227783203125,20.942405015670797,20.942405015670797,900
2023-02-14,21.252227783203125,21.252227783203125,21.252227783203125,21.252227783203125,400
2023-02-15,21.185237884521484,21.185237884521484,20.975897582907084,20.975897582907084,400
2023-02-16,21.185237884521484,21.185237884521484,21.185237884521484,21.185237884521484,0
2023-02-17,20.942401885986328,20.98426930329668,20.942401885986328,20.98426930329668,1000
2023-02-21,21.53693199157715,21.53693199157715,20.934032432491758,20.934032432491758,500
2023-02-22,21.520183563232422,21.520183563232422,20.74981119232635,20.93403008207833,22300
2023-02-23,21.1936092376709,21.444818528845236,20.934027740883028,20.934027740883028,8200
2023-02-24,20.942401885986328,20.98426930329668,20.942401885986328,20.98426930329668,500
2023-02-27,21.017765045166016,21.101501479039115,20.94240241439419,20.94240241439419,2900
2023-02-28,21.017765045166016,21.168490306709668,20.94240241439419,20.94240241439419,3600
2023-03-01,20.97589874267578,21.109876415345518,20.666075973554463,21.109876415345518,10300
2023-03-02,20.934030532836914,21.193612064244952,20.934030532836914,21.193612064244952,6300
2023-03-03,20.925655364990234,21.201984486126396,20.733062679955264,20.93402916831432,27200
2023-03-06,21.009389877319336,21.05125729296641,20.850290823009303,20.85866462556662,7300
2023-03-07,20.934030532836914,21.134997034295374,20.85029409127761,21.118249426555558,5600
2023-03-08,20.908906936645508,20.917280739640514,20.9005331336505,20.908906936645508,600
2023-03-09,20.766557693481445,20.80842671291922,20.56559119159947,20.80842671291922,10900
2023-03-10,20.934030532836914,20.934030532836914,20.934030532836914,20.934030532836914,400
2023-03-13,20.724687576293945,20.733061379092632,20.724687576293945,20.733061379092632,1800
2023-03-14,20.724687576293945,20.724687576293945,20.724687576293945,20.724687576293945,0
2023-03-15,20.724687576293945,20.724687576293945,20.565588517398062,20.724687576293945,7100
2023-03-16,20.699569702148438,20.724691114833732,20.473483376540173,20.691195897920007,1400
2023-03-17,20.7163143157959,20.724688118813788,20.682820700863953,20.682820700863953,1800
2023-03-20,20.934030532836914,20.934030532836914,20.682822805298784,20.724690227508546,3500
2023-03-21,20.766557693481445,20.80842671291922,20.68282284888546,20.68282284888546,2500
2023-03-22,20.766557693481445,20.766557693481445,20.766557693481445,20.766557693481445,500
2023-03-23,20.766557693481445,20.934030576952985,20.766557693481445,20.766557693481445,1500
2023-03-24,20.858667373657227,20.975897430625498,20.858667373657227,20.975897430625498,400
2023-03-27,20.80842399597168,20.85029141280306,20.724687565169344,20.85029141280306,1400
2023-03-28,20.766557693481445,20.766557693481445,20.10504315776242,20.724690271183455,7500
2023-03-29,20.724687576293945,20.75818278748869,20.21389678555113,20.21389678555113,2300
2023-03-30,20.724687576293945,20.724687576293945,20.724687576293945,20.724687576293945,0
2023-03-31,20.867040634155273,20.867040634155273,20.749810580238464,20.75818438368105,1100
2023-04-03,21.001018524169922,21.001018524169922,21.001018524169922,21.001018524169922,200
2023-04-04,21.001018524169922,21.001018524169922,21.001018524169922,21.001018524169922,0
2023-04-05,21.001018524169922,21.001018524169922,21.001018524169922,21.001018524169922,0
2023-04-06,21.344335556030273,21.344335556030273,21.344335556030273,21.344335556030273,400
2023-04-10,21.32758903503418,21.344336642226793,21.32758903503418,21.344336642226793,300
2023-04-11,21.017765045166016,21.068006266634022,20.934028611292916,21.068006266634022,3300
2023-04-12,21.017765045166016,21.017765045166016,21.017765045166016,21.017765045166016,0
2023-04-13,21.344335556030273,21.344335556030273,21.344335556030273,21.344335556030273,400
2023-04-14,21.344335556030273,21.344335556030273,21.344335556030273,21.344335556030273,0
2023-04-17,21.143369674682617,21.344336165082243,20.850292943922444,21.344336165082243,2300
2023-04-18,21.243852615356445,21.34433505676882,21.243852615356445,21.34433505676882,1100
2023-04-19,21.243852615356445,21.243852615356445,21.243852615356445,21.243852615356445,0
2023-04-20,21.35270881652832,21.35270881652832,21.227104966447254,21.252224778179702,4800
2023-04-21,21.35270881652832,21.35270881652832,21.35270881652832,21.35270881652832,1000
2023-04-24,21.35270881652832,21.35270881652832,21.35270881652832,21.35270881652832,0
2023-04-25,21.260601043701172,21.260601043701172,21.260601043701172,21.260601043701172,100
2023-04-26,21.260601043701172,21.260601043701172,21.260601043701172,21.260601043701172,100
2023-04-27,21.260601043701172,21.260601043701172,21.260601043701172,21.260601043701172,0
2023-04-28,21.670907974243164,21.670907974243164,21.25222735838179,21.25222735838179,500
2023-05-01,21.436447143554688,21.436447143554688,21.436447143554688,21.436447143554688,1000
2023-05-02,21.35270881652832,21.38620402835773,21.35270881652832,21.377830225400377,1400
2023-05-03,20.959150314331055,21.56204977181542,20.959150314331055,21.56204977181542,3200
2023-05-04,20.934030532836914,20.934030532836914,20.934030532836914,20.934030532836914,400
2023-05-05,21.210357666015625,21.210357666015625,21.168490247765472,21.168490247765472,800
2023-05-08,21.210357666015625,21.210357666015625,21.210357666015625,21.210357666015625,0
2023-05-09,21.210357666015625,21.210357666015625,21.210357666015625,21.210357666015625,0
2023-05-10,21.210357666015625,21.210357666015625,21.210357666015625,21.210357666015625,0
2023-05-11,21.210357666015625,21.210357666015625,21.210357666015625,21.210357666015625,0
2023-05-12,20.80842399597168,20.80842399597168,20.733061367963533,20.733061367963533,1200
2023-05-15,21.101503372192383,21.101503372192383,21.101503372192383,21.101503372192383,400
2023-05-16,21.394577026367188,21.394577026367188,20.783303762102904,20.80842517190515,1600
2023-05-17,21.227108001708984,21.227108001708984,21.227108001708984,21.227108001708984,400
2023-05-18,21.227108001708984,21.227108001708984,21.227108001708984,21.227108001708984,0
2023-05-19,21.53693199157715,21.729526303782414,20.950780041751333,20.950780041751333,3900
2023-05-22,21.520183563232422,21.520183563232422,21.520183563232422,21.520183563232422,400
2023-05-23,21.520183563232422,21.520183563232422,21.520183563232422,21.520183563232422,0
2023-05-24,21.58717155456543,21.637412777605874,21.58717155456543,21.58717155456543,2300
2023-05-25,21.58717155456543,21.645786580969226,21.52018272479828,21.58717155456543,2400
2023-05-26,21.58717155456543,21.58717155456543,21.58717155456543,21.58717155456543,0
2023-05-30,21.58717155456543,21.58717155456543,21.58717155456543,21.58717155456543,0
2023-05-31,21.436447143554688,21.77139130575372,21.436447143554688,21.77139130575372,2200
2023-06-01,21.436447143554688,21.436447143554688,21.436447143554688,21.436447143554688,0
2023-06-02,21.436447143554688,21.436447143554688,21.436447143554688,21.436447143554688,0
2023-06-05,21.771390914916992,21.771390914916992,21.68765447658552,21.68765447658552,600
2023-06-06,21.679279327392578,21.68765313041993,21.637411909395436,21.637411909395436,1400
2023-06-07,21.679279327392578,21.679279327392578,21.679279327392578,21.679279327392578,0
2023-06-08,21.679279327392578,21.679279327392578,21.679279327392578,21.679279327392578,0
2023-06-09,21.679279327392578,21.679279327392578,21.679279327392578,21.679279327392578,0
2023-06-12,21.679279327392578,21.679279327392578,21.679279327392578,21.679279327392578,0
2023-06-13,21.679279327392578,21.679279327392578,21.679279327392578,21.679279327392578,0
2023-06-14,21.679279327392578,21.679279327392578,21.679279327392578,21.679279327392578,0
2023-06-15,22.081228256225586,22.262362539379566,22.081228256225586,22.167483381852108,6100
2023-06-16,22.098478317260742,22.184731792660326,22.081226964108993,22.184731792660326,2400
2023-06-20,22.39174461364746,22.39174461364746,22.08122846175332,22.27098842375417,1500
2023-06-21,22.081228256225586,22.253736862298947,22.081228256225586,22.081228256225586,2500
2023-06-22,22.383121490478516,22.383121490478516,22.383121490478516,22.383121490478516,300
2023-06-23,21.072046279907227,21.917342859945204,21.072046279907227,21.917342859945204,200
2023-06-26,21.072046279907227,21.072046279907227,21.072046279907227,21.072046279907227,0
2023-06-27,21.072046279907227,21.072046279907227,21.072046279907227,21.072046279907227,0
2023-06-28,21.072046279907227,21.072046279907227,21.072046279907227,21.072046279907227,0
2023-06-29,21.072046279907227,21.072046279907227,21.072046279907227,21.072046279907227,0
2023-06-30,21.779335021972656,22.132979538239827,21.14104975736412,21.563698041557085,7400
2023-07-03,21.770708084106445,21.770708084106445,21.67582729176279,21.67582729176279,900
2023-07-05,21.684457778930664,21.762087236220665,21.684457778930664,21.762087236220665,700
2023-07-06,21.563697814941406,21.684453996247612,21.253180039948784,21.684453996247612,2400
2023-07-07,21.520572662353516,21.6672058841017,21.141051092208855,21.391189149791227,1100
2023-07-10,21.649951934814453,21.649951934814453,21.529194113908762,21.529194113908762,1300
2023-07-11,21.572324752807617,21.632702846990984,21.391188825077837,21.391188825077837,5200
2023-07-12,21.434316635131836,21.64132794328223,20.90816186534564,21.64132794328223,2200
2023-07-13,21.434316635131836,21.434316635131836,21.434316635131836,21.434316635131836,0
2023-07-14,21.184179306030273,21.649956035212007,21.14105256229707,21.56370090256578,2800
2023-07-17,21.693078994750977,21.693078994750977,21.520570404731163,21.529194435829556,1700
2023-07-18,21.693078994750977,21.693078994750977,21.693078994750977,21.693078994750977,400
2023-07-19,21.693078994750977,21.693078994750977,21.693078994750977,21.693078994750977,0
2023-07-20,21.693078994750977,21.693078994750977,21.693078994750977,21.693078994750977,0
2023-07-21,21.434316635131836,21.434316635131836,21.434316635131836,21.434316635131836,100
2023-07-24,21.511945724487305,21.511945724487305,21.511945724487305,21.511945724487305,300
2023-07-25,21.520572662353516,21.520572662353516,21.520572662353516,21.520572662353516,2300
2023-07-26,21.693078994750977,21.693078994750977,21.684453318473057,21.684453318473057,1400
2023-07-27,21.451568603515625,21.47744398953867,21.434317249380474,21.47744398953867,1600
2023-07-28,21.555072784423828,21.555072784423828,21.555072784423828,21.555072784423828,300
2023-07-31,21.555072784423828,21.555072784423828,21.555072784423828,21.555072784423828,0
2023-08-01,21.555072784423828,21.555072784423828,21.555072784423828,21.555072784423828,0
2023-08-02,21.572324752807617,21.779336066513313,21.546447721652026,21.546447721652026,2700
2023-08-03,21.451568603515625,21.580950469169895,21.451568603515625,21.57232479210232,1600
2023-08-04,21.779335021972656,21.779335021972656,21.546446688280735,21.546446688280735,4800
2023-08-07,21.779335021972656,21.779335021972656,21.779335021972656,21.779335021972656,200
2023-08-08,21.779335021972656,21.779335021972656,21.779335021972656,21.779335021972656,0
2023-08-09,21.908714294433594,22.391740612883474,21.908714294433594,21.994969405451638,1000
2023-08-10,21.917343139648438,22.39174385108443,21.917343139648438,22.39174385108443,1000
2023-08-11,21.917343139648438,21.917343139648438,21.917343139648438,21.917343139648438,0
2023-08-14,22.245113372802734,22.245113372802734,22.245113372802734,22.245113372802734,600
2023-08-15,22.270984649658203,22.270984649658203,22.270984649658203,22.270984649658203,200
2023-08-16,22.270984649658203,22.270984649658203,22.270984649658203,22.270984649658203,0
2023-08-17,22.270984649658203,22.270984649658203,22.270984649658203,22.270984649658203,0
2023-08-18,21.951845169067383,22.52112666327844,21.90871678606376,21.917342462664486,1600
2023-08-21,21.951845169067383,21.951845169067383,21.951845169067383,21.951845169067383,0
2023-08-22,21.951845169067383,21.951845169067383,21.951845169067383,21.951845169067383,0
2023-08-23,22.270984649658203,22.270984649658203,22.270984649658203,22.270984649658203,600
2023-08-24,21.934595108032227,21.934595108032227,21.934595108032227,21.934595108032227,100
2023-08-25,22.262361526489258,22.262361526489258,21.925968361548655,21.925968361548655,1100
2023-08-28,22.262361526489258,22.262361526489258,22.262361526489258,22.262361526489258,0
2023-08-29,21.908714294433594,22.01222075669113,21.908714294433594,22.01222075669113,2400
2023-08-30,21.908714294433594,21.908714294433594,21.908714294433594,21.908714294433594,0
2023-08-31,21.736209869384766,21.908718479192117,21.649954741891232,21.874217415302535,4300
2023-09-01,21.598201751708984,21.73620929397335,21.080672645627775,21.73620929397335,5900
2023-09-05,21.908714294433594,21.908714294433594,21.908714294433594,21.908714294433594,300
2023-09-06,21.50332260131836,21.50332260131836,21.06342290961577,21.072048587317365,700
2023-09-07,21.50332260131836,21.50332260131836,21.50332260131836,21.50332260131836,0
2023-09-08,21.50332260131836,21.50332260131836,21.50332260131836,21.50332260131836,0
2023-09-11,21.391189575195312,21.391189575195312,21.261807705239722,21.391189575195312,2300
2023-09-12,21.563697814941406,21.563697814941406,21.563697814941406,21.563697814941406,200
2023-09-13,21.50332260131836,21.50332260131836,21.13242668604874,21.13242668604874,1100
2023-09-14,21.908714294433594,21.908714294433594,21.391185273504732,21.391185273504732,300
2023-09-15,21.908714294433594,21.908714294433594,21.908714294433594,21.908714294433594,0
2023-09-18,21.391189575195312,21.736210088649862,20.890911804901897,21.736210088649862,1200
2023-09-19,21.520572662353516,21.520572662353516,21.391189149791227,21.391189149791227,400
2023-09-20,21.391189575195312,21.408440929903986,21.391189575195312,21.391189575195312,900
2023-09-21,21.684457778930664,21.73621184724391,21.520574831478317,21.529198864350654,2000
2023-09-22,21.727584838867188,21.727584838867188,21.05479679860687,21.391189996147144,5800
2023-09-25,21.26180648803711,21.56369859743716,21.253180811176577,21.56369859743716,3300
2023-09-26,21.3049373626709,21.3049373626709,21.115175739917273,21.115175739917273,2600
2023-09-27,21.046171188354492,21.304936579364696,21.046171188354492,21.304936579364696,4000
2023-09-28,21.537822723388672,21.537822723388672,21.17555250169144,21.17555250169144,4800
2023-09-29,21.13242530822754,21.64995442032211,21.13242530822754,21.64995442032211,3500
2023-10-02,21.13242530822754,21.192803403022296,21.04617018201516,21.13242530822754,8400
2023-10-03,21.13242530822754,21.13242530822754,21.13242530822754,21.13242530822754,2100
2023-10-04,21.115171432495117,21.175549520079862,20.916785817522516,21.04616766880119,10900
2023-10-05,21.046171188354492,21.089299576112744,21.046171188354492,21.046171188354492,1300
2023-10-06,21.13242530822754,21.13242530822754,20.709776999484554,20.89091128386882,19700
2023-10-09,21.00304412841797,21.02891951550217,20.70977767681222,20.959915741311388,5100
2023-10-10,21.046171188354492,21.046171188354492,20.99441876822436,21.00304444577601,6700
2023-10-11,21.141050338745117,21.47744351098678,21.0030427990983,21.01166847597368,8300
2023-10-12,20.942665100097656,21.003043194181444,20.942665100097656,20.959914808993258,7600
2023-10-13,20.91678810119629,21.175551832005194,20.91678810119629,20.94266513234905,4200
2023-10-16,20.934038162231445,21.063420019644163,20.84778304222978,20.890909779640825,9900
2023-10-17,21.046171188354492,21.089299576112744,21.03754551080284,21.03754551080284,1900
2023-10-18,21.00304412841797,21.00304412841797,21.00304412841797,21.00304412841797,2400
2023-10-19,20.70115089416504,20.890910851763543,20.649398477579933,20.890910851763543,8300
2023-10-20,20.70115089416504,20.83053275821764,20.692525217204246,20.692525217204246,3600
2023-10-23,20.70115089416504,20.70115089416504,20.468262551762564,20.649398477579933,2600
2023-10-24,21.348060607910156,21.348060607910156,20.701149680397727,20.701149680397727,6200
2023-10-25,20.48551368713379,21.23593112292047,20.433761271100803,20.9167876594945,23000
2023-10-26,20.39063262939453,20.57176855099322,20.39063262939453,20.476887751813926,4400
2023-10-27,20.295753479003906,20.313003187347153,20.2698764487196,20.313003187347153,1100
2023-10-30,20.571767807006836,20.571767807006836,19.66609152212679,20.528639424767082,5800
2023-10-31,20.494138717651367,20.683898667240694,20.494138717651367,20.571768161842364,2700
2023-11-01,20.61489486694336,20.61489486694336,20.61489486694336,20.61489486694336,1000
2023-11-02,20.91678810119629,20.91678810119629,20.614895985132776,20.65802437038738,3800
2023-11-03,21.3049373626709,21.3049373626709,20.830534950966666,20.830534950966666,7400
2023-11-06,21.348060607910156,21.563697583747633,21.348060607910156,21.348060607910156,5600
2023-11-07,21.13242530822754,21.15830233964516,21.089298567711197,21.15830233964516,4900
2023-11-08,21.348060607910156,21.348060607910156,21.218678751443584,21.218678751443584,2500
2023-11-09,21.218679428100586,21.30493455022214,21.132424305979033,21.287683196761904,1400
2023-11-10,21.218679428100586,21.218679428100586,21.218679428100586,21.218679428100586,0
2023-11-13,21.192800521850586,21.244552932470366,21.166925139130427,21.244552932470366,2300
2023-11-14,21.46019172668457,21.46019172668457,21.20142800633322,21.261806098069894,4000
2023-11-15,21.46019172668457,21.46019172668457,21.46019172668457,21.46019172668457,2400
2023-11-16,21.563697814941406,21.563697814941406,21.563697814941406,21.563697814941406,1200
2023-11-17,21.391189575195312,21.391189575195312,21.391189575195312,21.391189575195312,200
2023-11-20,21.632701873779297,21.64995322710692,21.520571367508953,21.520571367508953,500
2023-11-21,21.46019172668457,21.606824940264897,21.46019172668457,21.606824940264897,1300
2023-11-22,21.520572662353516,21.649954529736103,21.46019292207392,21.649954529736103,1400
2023-11-24,21.520572662353516,21.520572662353516,21.520572662353516,21.520572662353516,0
2023-11-27,21.39981460571289,21.649954305888674,21.39981460571289,21.649954305888674,600
2023-11-28,21.47744369506836,21.48606937201767,21.47744369506836,21.48606937201767,1200
2023-11-29,21.649951934814453,21.649951934814453,21.477441702194614,21.477441702194614,1500
2023-11-30,21.649951934814453,21.649951934814453,21.649951934814453,21.649951934814453,200
2023-12-01,21.693078994750977,21.779334112350647,21.693078994750977,21.693078994750977,2900
2023-12-04,21.736209869384766,21.736209869384766,21.47744448690416,21.47744448690416,4800
2023-12-05,21.934595108032227,21.934595108032227,21.52919650981413,21.52919650981413,600
2023-12-06,21.934595108032227,21.934595108032227,21.934595108032227,21.934595108032227,0
2023-12-07,22.081228256225586,22.167483381852108,21.822462879346023,21.822462879346023,2400
2023-12-08,22.210609436035156,22.53837692907625,21.95184571232796,21.994972451219283,14300
2023-12-11,22.003599166870117,22.115729680389254,21.99497348964869,21.99497348964869,1200
2023-12-12,22.003599166870117,22.003599166870117,22.003599166870117,22.003599166870117,0
2023-12-13,21.82246208190918,21.82246208190918,21.82246208190918,21.82246208190918,100
2023-12-14,21.61545181274414,22.167483635974417,21.51194697694951,21.917343933307937,3000
2023-12-15,22.503877639770508,22.771267061355836,22.046726603683535,22.158858765921735,7100
2023-12-18,22.740161895751953,22.740161895751953,22.65133280081551,22.65133280081551,600
2023-12-19,22.5625,22.5625,22.5625,22.5625,500
2023-12-20,22.393728256225586,22.740161551810555,22.296017778120014,22.624683221857552,8900
2023-12-21,22.402610778808594,22.562502804451295,22.20718813317529,22.562502804451295,4100
2023-12-22,22.21607208251953,22.21607208251953,22.2071890036052,22.2071890036052,1300
2023-12-26,22.251604080200195,22.296019477519007,22.251604080200195,22.251604080200195,600
2023-12-27,22.42926025390625,22.42926025390625,22.411494096584324,22.42926025390625,1200
2023-12-28,22.544736862182617,22.642449033067518,22.53585547780582,22.56250301948424,4200
2023-12-29,22.740161895751953,22.740161895751953,22.56250370587907,22.740161895751953,2000
2024-01-02,22.5625,22.5625,22.5625,22.5625,600
2024-01-03,22.5625,22.5625,22.5625,22.5625,0
2024-01-04,22.5625,22.5625,22.5625,22.5625,200
2024-01-05,22.5625,22.5625,22.5625,22.5625,100
2024-01-08,22.69574737548828,22.69574737548828,22.69574737548828,22.69574737548828,1100
2024-01-09,22.5625,22.5625,22.5625,22.5625,600
2024-01-10,22.5625,22.5625,22.5625,22.5625,0
2024-01-11,22.651330947875977,22.651330947875977,22.606917251177947,22.624681713292805,2300
2024-01-12,22.651330947875977,22.669097104264758,22.651330947875977,22.660214026070367,700
2024-01-16,22.58915138244629,22.58915138244629,22.58915138244629,22.58915138244629,200
2024-01-17,22.322664260864258,22.322664260864258,22.322664260864258,22.322664260864258,100
2024-01-18,22.136123657226562,22.23383582037495,22.029528416130702,22.216069664479992,3800
2024-01-19,22.15389060974121,22.606917435709484,22.082827677879948,22.136124453207408,4000
2024-01-22,22.384845733642578,22.384845733642578,22.25160125289048,22.27825048789569,2100
2024-01-23,22.145008087158203,22.500322755380413,22.145008087158203,22.500322755380413,400
2024-01-24,22.473674774169922,22.562503869751534,22.296018277280776,22.296018277280776,8800
2024-01-25,22.296016693115234,22.47367317738162,22.296016693115234,22.47367317738162,3500
2024-01-26,22.59803581237793,22.7668092274934,22.473674402908472,22.7668092274934,600
2024-01-29,22.296016693115234,22.677980590985204,22.296016693115234,22.651331355921965,1500
2024-01-30,22.518089294433594,22.518089294433594,22.145008462901565,22.207188319111236,2100
2024-01-31,22.624683380126953,22.624683380126953,22.615800301278117,22.615800301278117,600
2024-02-01,22.42926025390625,22.42926025390625,22.26936822655694,22.278251305217903,900
2024-02-02,22.207189559936523,22.207189559936523,22.082829840568593,22.082829840568593,1000
2024-02-05,22.207189559936523,22.207189559936523,22.207189559936523,22.207189559936523,0
2024-02-06,22.384845733642578,22.455908666049183,22.08282784734601,22.08282784734601,1900
2024-02-07,22.384845733642578,22.384845733642578,22.384845733642578,22.384845733642578,0
2024-02-08,22.367080688476562,22.509206560352546,22.18942250149457,22.18942250149457,700
2024-02-09,22.367080688476562,22.367080688476562,22.367080688476562,22.367080688476562,100
2024-02-12,22.260486602783203,22.260486602783203,22.260486602783203,22.260486602783203,200
2024-02-13,22.207189559936523,22.207189559936523,22.207189559936523,22.207189559936523,800
2024-02-14,22.207189559936523,22.207189559936523,22.207189559936523,22.207189559936523,0
2024-02-15,22.473674774169922,22.473674774169922,22.331548898948974,22.429261073516155,1500
2024-02-16,22.473674774169922,22.473674774169922,22.473674774169922,22.473674774169922,0
2024-02-20,22.473674774169922,22.473674774169922,22.473674774169922,22.473674774169922,0
2024-02-21,22.473674774169922,22.473674774169922,22.473674774169922,22.473674774169922,0
2024-02-22,22.473674774169922,22.473674774169922,22.473674774169922,22.473674774169922,0
2024-02-23,22.473674774169922,22.553620790765965,22.473674774169922,22.553620790765965,900
2024-02-26,22.473674774169922,22.473674774169922,22.473674774169922,22.473674774169922,0
2024-02-27,22.42037582397461,22.562501685436104,22.42037582397461,22.42037582397461,1300
2024-02-28,22.42037582397461,22.526971067207686,22.42037582397461,22.526971067207686,2300
2024-02-29,22.42037582397461,22.42037582397461,22.42037582397461,22.42037582397461,200
2024-03-01,22.606918334960938,22.651332033788172,22.49144000717171,22.49144000717171,3000
2024-03-04,22.651330947875977,22.651330947875977,22.56250186020599,22.56250186020599,2400
2024-03-05,22.651330947875977,22.651330947875977,22.51808816350796,22.526971241702352,4200
2024-03-06,22.917818069458008,23.761691918090463,22.51808968926951,22.651332482665673,9200
2024-03-07,23.033296585083008,23.033296585083008,22.51808987066656,22.953350569546483,2400
2024-03-08,22.75792694091797,23.273133633231073,22.51808890459791,23.273133633231073,3600
2024-03-11,22.740161895751953,22.917818391350774,22.740161895751953,22.917818391350774,2100
2024-03-12,22.70462989807129,22.793458994251882,22.70462989807129,22.74016221425316,2900
2024-03-13,22.70462989807129,22.70462989807129,22.70462989807129,22.70462989807129,300
2024-03-14,22.70462989807129,22.70462989807129,22.70462989807129,22.70462989807129,200
2024-03-15,22.402610778808594,22.473673713063796,22.31378338169509,22.473673713063796,5000
2024-03-18,22.4114933013916,22.669097490597323,22.4114933013916,22.58026840141349,2500
2024-03-19,22.45591163635254,22.562505201924886,22.313785752739953,22.384848694546246,3600
2024-03-20,22.651330947875977,22.651330947875977,22.61579863509841,22.624681713292805,600
2024-03-21,22.651330947875977,22.740160035545962,22.651330947875977,22.651330947875977,800
2024-03-22,22.651330947875977,22.651330947875977,22.651330947875977,22.651330947875977,0
2024-03-25,22.57138442993164,22.65133043760628,22.57138442993164,22.57138442993164,2700
2024-03-26,22.651330947875977,22.651330947875977,22.642447869681586,22.651330947875977,2000
2024-03-27,22.837871551513672,22.979999114849505,22.562502891990626,22.562502891990626,5600
2024-03-28,22.99776268005371,22.99776268005371,22.811223119544426,22.811223119544426,300
2024-04-01,22.820106506347656,22.820106506347656,22.820106506347656,22.820106506347656,500
2024-04-02,22.75792694091797,22.89116972967112,22.74016078394449,22.846754337237417,2800
2024-04-03,22.75792694091797,22.75792694091797,22.75792694091797,22.75792694091797,200
2024-04-04,22.820106506347656,22.820106506347656,22.820106506347656,22.820106506347656,400
2024-04-05,22.820106506347656,22.820106506347656,22.820106506347656,22.820106506347656,0
2024-04-08,22.820106506347656,22.820106506347656,22.820106506347656,22.820106506347656,0
2024-04-09,22.828990936279297,22.846755399804994,22.52697303077964,22.562503652105097,5500
2024-04-10,22.784574508666992,22.82010682265538,22.784574508666992,22.82010682265538,2600
2024-04-11,22.96223258972168,23.09547537804793,22.96223258972168,23.09547537804793,2900
2024-04-12,22.509204864501953,22.509204864501953,22.509204864501953,22.509204864501953,100
2024-04-15,23.042177200317383,23.415258001507254,23.042177200317383,23.415258001507254,500
2024-04-16,22.651330947875977,22.651330947875977,22.32266383177921,22.32266383177921,800
2024-04-17,22.651330947875977,22.651330947875977,22.651330947875977,22.651330947875977,0
2024-04-18,22.900053024291992,22.900053024291992,22.30490031425506,22.30490031425506,1900
2024-04-19,22.251604080200195,22.95335210936991,22.20719037715555,22.95335210936991,2500
2024-04-22,22.544736862182617,22.544736862182617,22.313783594357602,22.313783594357602,300
2024-04-23,22.651330947875977,22.651330947875977,22.651330947875977,22.651330947875977,800
2024-04-24,22.651330947875977,22.651330947875977,22.651330947875977,22.651330947875977,200
2024-04-25,22.651330947875977,23.095474691951978,22.651330947875977,23.095474691951978,2000
2024-04-26,22.651330947875977,22.651330947875977,22.651330947875977,22.651330947875977,0
2024-04-29,23.024412155151367,23.024412155151367,23.024412155151367,23.024412155151367,200
2024-04-30,22.784574508666992,23.07770932197526,22.775691430169896,23.07770932197526,3500
2024-05-01,22.3315486907959,22.624683517491047,22.3315486907959,22.624683517491047,500
2024-05-02,22.3315486907959,22.56250365944572,22.20718897470525,22.349314848601438,2500
2024-05-03,22.4470272064209,22.4470272064209,22.29601825238301,22.331548874011535,4500
2024-05-06,22.500324249267578,22.526973486506336,22.393728994586635,22.526973486506336,800
2024-05-07,22.473674774169922,22.49144093214106,22.473674774169922,22.49144093214106,500
2024-05-08,22.5269718170166,22.5269718170166,22.05617882633389,22.216070849368545,4500
2024-05-09,22.464792251586914,22.464792251586914,22.455909173051285,22.455909173051285,300
2024-05-10,22.464792251586914,22.464792251586914,22.464792251586914,22.464792251586914,0
2024-05-13,22.322664260864258,22.40261027187657,22.100592384557604,22.100592384557604,2800
2024-05-14,22.45591163635254,22.45591163635254,22.340433296995954,22.340433296995954,500
2024-05-15,22.606918334960938,22.606918334960938,22.38484645227674,22.38484645227674,1200
2024-05-16,22.269367218017578,22.50920524817972,22.269367218017578,22.50920524817972,900
2024-05-17,22.553619384765625,22.553619384765625,22.402610439973056,22.464791988995618,1300
2024-05-20,22.491439819335938,22.598035067614692,22.491439819335938,22.598035067614692,300
2024-05-21,22.633563995361328,22.64244707324326,22.52697044932587,22.52697044932587,700
2024-05-22,22.5625,22.731275083230614,22.5625,22.731275083230614,1000
2024-05-23,22.722394943237305,22.722394943237305,22.384846427412818,22.393727811749194,1000
2024-05-24,22.722394943237305,22.722394943237305,22.722394943237305,22.722394943237305,100
2024-05-28,22.518089294433594,22.518089294433594,22.251602018039854,22.491440058512016,11100
2024-05-29,22.491439819335938,22.491439819335938,22.491439819335938,22.491439819335938,100
2024-05-30,22.518089294433594,22.518089294433594,22.375963424733204,22.455909438223923,7400
2024-05-31,22.651330947875977,22.651330947875977,22.34042998816799,22.651330947875977,1700
2024-06-03,22.491439819335938,22.651331844617072,22.349313951146925,22.651331844617072,4500
2024-06-04,22.491439819335938,22.491439819335938,22.384846265331177,22.384846265331177,300
2024-06-05,22.615800857543945,22.615800857543945,22.615800857543945,22.615800857543945,400
2024-06-06,22.615800857543945,22.615800857543945,22.615800857543945,22.615800857543945,0
2024-06-07,22.615800857543945,22.615800857543945,22.615800857543945,22.615800857543945,0
2024-06-10,22.59803581237793,22.59803581237793,22.438143781827232,22.438143781827232,1700
2024-06-11,22.5625,22.5625,22.5625,22.5625,400
2024-06-12,22.651330947875977,22.73127695735157,22.5536187820116,22.5536187820116,4400
2024-06-13,22.651330947875977,22.651330947875977,22.651330947875977,22.651330947875977,0
2024-06-14,22.713512420654297,22.713512420654297,22.553620390301273,22.553620390301273,4900
2024-06-17,22.891170501708984,22.891170501708984,22.606918757642397,22.606918757642397,900
2024-06-18,23.427438735961914,23.427438735961914,22.741088001971704,22.741088001971704,2400
2024-06-20,23.15289878845215,23.15289878845215,23.15289878845215,23.15289878845215,2100
2024-06-21,23.308469772338867,23.619615571036643,23.308469772338867,23.619615571036643,900
2024-06-24,23.19865608215332,23.207807635095392,23.19865608215332,23.207807635095392,600
2024-06-25,23.537256240844727,23.537256240844727,23.42744108984148,23.42744108984148,2300
2024-06-26,23.32677459716797,23.50980216712646,23.32677459716797,23.445743041285066,5500
2024-06-27,23.244409561157227,23.427437109036283,23.244409561157227,23.427437109036283,1100
2024-06-28,23.427438735961914,23.427438735961914,23.39998407822944,23.409135630806933,1700
2024-07-01,23.427438735961914,23.427438735961914,23.244411175372452,23.244411175372452,2600
2024-07-02,23.564706802368164,23.564706802368164,23.537252146652783,23.537252146652783,2000
2024-07-03,23.564706802368164,23.564706802368164,23.564706802368164,23.564706802368164,0
2024-07-05,23.564706802368164,23.564706802368164,23.564706802368164,23.564706802368164,0
2024-07-08,23.65622329711914,23.683676210512385,23.50065038779649,23.50065038779649,4800
2024-07-09,23.70197868347168,23.70197868347168,23.63791955995779,23.63791955995779,1200
2024-07-10,23.18035316467285,23.18035316467285,23.024780254353693,23.024780254353693,600
2024-07-11,23.43659019470215,23.43659019470215,23.33592486223298,23.33592486223298,800
2024-07-12,23.33592414855957,23.50064859829681,23.33592414855957,23.50064859829681,400
2024-07-15,23.33592414855957,23.33592414855957,23.33592414855957,23.33592414855957,200
2024-07-16,23.33592414855957,23.33592414855957,23.31762104403763,23.31762104403763,700
2024-07-17,23.207807540893555,23.207807540893555,23.207807540893555,23.207807540893555,300
2024-07-18,23.207807540893555,23.207807540893555,23.207807540893555,23.207807540893555,0
2024-07-19,23.509801864624023,23.51895341755222,23.427439633750488,23.427439633750488,1200
2024-07-22,23.509801864624023,23.509801864624023,23.509801864624023,23.509801864624023,0
2024-07-23,23.509801864624023,23.509801864624023,23.509801864624023,23.509801864624023,0
2024-07-24,23.509801864624023,23.509801864624023,23.509801864624023,23.509801864624023,0
2024-07-25,23.775188446044922,23.775188446044922,23.701977772630993,23.775188446044922,1900
2024-07-26,23.70197868347168,23.711130236185124,23.70197868347168,23.711130236185124,700
2024-07-29,23.793493270874023,23.793493270874023,23.40913677129454,23.40913677129454,400
2024-07-30,23.427438735961914,23.885005891955387,23.427438735961914,23.518952516256647,3000
2024-07-31,23.427438735961914,23.427438735961914,23.427438735961914,23.427438735961914,200
2024-08-01,23.07053565979004,23.07053565979004,23.07053565979004,23.07053565979004,200
2024-08-02,23.07053565979004,23.07053565979004,23.07053565979004,23.07053565979004,0
2024-08-05,23.16204833984375,23.308469686280905,23.16204833984375,23.16204833984375,1800
2024-08-06,23.207807540893555,23.427439574171004,23.207807540893555,23.41828802126608,1700
2024-08-07,23.024778366088867,24.37002513053872,23.015626813822934,24.37002513053872,5700
2024-08-08,23.610464096069336,23.610464096069336,23.189503158498248,23.216957815701637,1900
2024-08-09,23.930761337280273,23.930761337280273,23.60131417976717,23.930761337280273,4600
2024-08-12,24.434085845947266,24.434085845947266,24.434085845947266,24.434085845947266,400
2024-08-13,23.930761337280273,23.930761337280273,23.91245823256284,23.930761337280273,1100
2024-08-14,23.793493270874023,23.921611522240433,23.31762298654128,23.390833665247836,3400
2024-08-15,23.930761337280273,23.930761337280273,23.930761337280273,23.930761337280273,1300
2024-08-16,23.747737884521484,23.747737884521484,23.747737884521484,23.747737884521484,1900
2024-08-19,23.930761337280273,23.930761337280273,23.134595482353458,23.930761337280273,900
2024-08-20,23.912460327148438,23.912460327148438,23.216959741765756,23.216959741765756,1300
2024-08-21,23.930761337280273,23.930761337280273,23.454891087507843,23.454891087507843,2700
2024-08-22,23.482345581054688,23.930761170628234,23.253562010120422,23.253562010120422,2300
2024-08-23,23.793493270874023,23.793493270874023,23.747737251237528,23.747737251237528,1200
2024-08-26,23.930761337280273,23.930761337280273,23.729432421828925,23.930761337280273,3200
2024-08-27,24.37917709350586,24.406631750766167,23.930761497801722,23.930761497801722,2900
2024-08-28,24.19615364074707,24.19615364074707,24.19615364074707,24.19615364074707,400
2024-08-29,24.022275924682617,24.196151934395726,24.01312437201559,24.196151934395726,8000
2024-08-30,24.87335205078125,25.01062185494957,24.26936351605643,24.26936351605643,7600
2024-09-03,25.230253219604492,26.50228938079856,24.54390247153917,26.50228938079856,10700
2024-09-04,24.296815872192383,24.99231817556685,24.296815872192383,24.99231817556685,2300
2024-09-05,24.26936149597168,24.26936149597168,24.26936149597168,24.26936149597168,200
2024-09-06,24.260211944580078,24.260211944580078,24.159546607042486,24.16869816004411,500
2024-09-09,24.479841232299805,24.479841232299805,24.479841232299805,24.479841232299805,1800
2024-09-10,24.479841232299805,24.479841232299805,24.479841232299805,24.479841232299805,0
2024-09-11,24.479841232299805,24.479841232299805,24.479841232299805,24.479841232299805,800
2024-09-12,24.370027542114258,24.370027542114258,24.370027542114258,24.370027542114258,300
2024-09-13,24.342573165893555,24.708626543365902,24.342573165893555,24.708626543365902,900
2024-09-16,25.065528869628906,25.12043818645831,24.461540348347263,24.553054130916042,4900
2024-09-17,24.754383087158203,24.754383087158203,24.754383087158203,24.754383087158203,800
2024-09-18,24.98316764831543,25.385827260583365,24.83674628848714,25.166195220840937,3700
2024-09-19,24.479841232299805,24.479841232299805,24.479841232299805,24.479841232299805,900
2024-09-20,24.17784881591797,24.443236861196677,24.04973056960964,24.122941245425856,1900
2024-09-23,24.305967330932617,24.305967330932617,24.24190820707027,24.24190820707027,500
2024-09-24,24.305967330932617,24.305967330932617,24.305967330932617,24.305967330932617,0
2024-09-25,24.35172462463379,24.35172462463379,24.35172462463379,24.35172462463379,1100
2024-09-26,24.434085845947266,24.708625430314267,24.434085845947266,24.434085845947266,5400
2024-09-27,24.434085845947266,24.434085845947266,24.434085845947266,24.434085845947266,0
2024-09-30,24.470691680908203,24.470691680908203,24.434087215498277,24.434087215498277,1000
2024-10-01,24.672019958496094,24.672019958496094,24.672019958496094,24.672019958496094,700
2024-10-02,24.434085845947266,24.4615387570959,24.434085845947266,24.4615387570959,800
2024-10-03,24.434085845947266,24.434085845947266,24.434085845947266,24.434085845947266,1300
2024-10-04,24.434085845947266,24.434085845947266,24.434085845947266,24.434085845947266,0
2024-10-07,24.434085845947266,24.434085845947266,24.434085845947266,24.434085845947266,0
2024-10-08,24.434085845947266,24.434085845947266,24.434085845947266,24.434085845947266,0
2024-10-09,24.168697357177734,24.168697357177734,24.14124269908489,24.14124269908489,800
2024-10-10,24.168697357177734,24.168697357177734,24.168697357177734,24.168697357177734,0
2024-10-11,24.24190902709961,24.24190902709961,24.24190902709961,24.24190902709961,300
2024-10-14,24.24190902709961,24.24190902709961,24.24190902709961,24.24190902709961,0
2024-10-15,24.205303192138672,24.205303192138672,24.205303192138672,24.205303192138672,200
2024-10-16,24.205303192138672,24.205303192138672,24.205303192138672,24.205303192138672,300
2024-10-17,23.939912796020508,24.27851325004835,23.903308332208923,24.27851325004835,3200
2024-10-18,23.939912796020508,23.939912796020508,23.912458139051722,23.912458139051722,1000
2024-10-21,23.939912796020508,23.939912796020508,23.939912796020508,23.939912796020508,0
2024-10-22,23.885005950927734,23.885005950927734,23.885005950927734,23.885005950927734,200
2024-10-23,23.885005950927734,23.885005950927734,23.885005950927734,23.885005950927734,0
2024-10-24,23.885005950927734,23.885005950927734,23.885005950927734,23.885005950927734,0
2024-10-25,23.885005950927734,23.885005950927734,23.885005950927734,23.885005950927734,800
2024-10-28,24.187000274658203,24.205303379911232,23.747736221466635,24.15954561677866,2600
2024-10-29,23.839248657226562,24.30596737613768,23.839248657226562,24.269362910496923,600
2024-10-30,23.63791847229004,24.22360385515916,23.63791847229004,24.22360385515916,300
2024-10-31,24.25105857849121,24.25105857849121,23.61961543243002,24.22360392153894,2600
2024-11-01,24.415782928466797,24.415782928466797,23.793491337291584,24.251058478393343,1600
2024-11-04,24.434085845947266,24.434085845947266,24.434085845947266,24.434085845947266,200
2024-11-05,23.747737884521484,24.434088670253548,23.747737884521484,24.434088670253548,2000
2024-11-06,23.610464096069336,23.610464096069336,23.610464096069336,23.610464096069336,400
2024-11-07,23.775188446044922,24.15954491783808,23.53725332107962,23.53725332107962,6400
2024-11-08,23.775188446044922,23.775188446044922,23.775188446044922,23.775188446044922,0
2024-11-11,23.65622329711914,23.65622329711914,23.47319572892299,23.592164171894563,1200
2024-11-12,23.65622329711914,23.65622329711914,23.65622329711914,23.65622329711914,0
2024-11-13,24.28766632080078,24.28766632080078,23.793492937348415,23.793492937348415,800
2024-11-14,23.885005950927734,24.415783783371452,23.775189065206884,23.78434061780697,1800
2024-11-15,23.976520538330078,24.38832994631148,23.775189865313166,23.775189865313166,5300
2024-11-18,23.976520538330078,23.976520538330078,23.848400543097434,23.848400543097434,600
2024-11-19,23.793493270874023,23.976520840380545,23.793493270874023,23.976520840380545,1300
2024-11-20,23.454893112182617,23.82094825620936,23.454893112182617,23.82094825620936,2500
2024-11-21,23.610464096069336,23.784340100730507,23.610464096069336,23.784340100730507,1300
2024-11-22,23.610464096069336,23.610464096069336,23.610464096069336,23.610464096069336,0
2024-11-25,23.52810287475586,24.159546053559733,23.518953067444112,23.78434111649024,1900
2024-11-26,23.52810287475586,23.52810287475586,23.52810287475586,23.52810287475586,0
2024-11-27,23.68367576599121,23.68367576599121,23.68367576599121,23.68367576599121,100
2024-11-29,23.96736717224121,24.068030755654018,23.701977394425384,23.701977394425384,5400
2024-12-02,23.839248657226562,23.866703315567293,23.839248657226562,23.866703315567293,900
2024-12-03,23.67452621459961,23.94906581922841,23.67452621459961,23.94906581922841,700
2024-12-04,23.729433059692383,23.93076198055559,23.729433059692383,23.93076198055559,1800
2024-12-05,23.784339904785156,23.784339904785156,23.784339904785156,23.784339904785156,1100
2024-12-06,23.784339904785156,23.784339904785156,23.784339904785156,23.784339904785156,0
2024-12-09,23.784339904785156,23.784339904785156,23.784339904785156,23.784339904785156,0
2024-12-10,23.784339904785156,23.784339904785156,23.784339904785156,23.784339904785156,0
2024-12-11,23.711130142211914,24.068031969220645,23.244411428557314,23.930762170023456,3100
2024-12-12,23.939912796020508,23.939912796020508,23.701977672064753,23.701977672064753,600
2024-12-13,23.83009910583496,23.93076269653822,23.83009910583496,23.93076269653822,1800
2024-12-16,23.930761337280273,23.930761337280273,23.930761337280273,23.930761337280273,1200
2024-12-17,24.06803321838379,24.06803321838379,23.766038946283988,23.766038946283988,700
2024-12-18,23.061386108398438,24.43408762091072,23.061386108398438,24.43408762091072,8400
2024-12-19,24.435028076171875,25.906789902833953,23.44441953503594,23.44441953503594,11500
2024-12-20,23.60480499267578,24.057654528397766,23.60480499267578,24.057654528397766,1700
2024-12-23,24.02935028076172,24.02935028076172,24.02935028076172,24.02935028076172,100
2024-12-24,24.001049041748047,24.029351013366835,23.58593606318602,23.58593606318602,1200
2024-12-26,24.067089080810547,24.067089080810547,23.63310692682805,24.001048748554624,4800
2024-12-27,24.067089080810547,24.067089080810547,24.067089080810547,24.067089080810547,0
2024-12-30,23.727449417114258,24.20860269015823,23.727449417114258,24.20860269015823,1800
2024-12-31,23.80292510986328,23.80292510986328,23.80292510986328,23.80292510986328,400
2025-01-02,23.60480499267578,23.633106963993345,23.60480499267578,23.633106963993345,600
2025-01-03,23.84066390991211,23.868965880706284,23.84066390991211,23.868965880706284,500
2025-01-06,23.859533309936523,24.255775300418637,23.859533309936523,24.255775300418637,3500
2025-01-07,23.963308334350586,23.963308334350586,23.963308334350586,23.963308334350586,1000
2025-01-08,24.32181739807129,24.32181739807129,24.32181739807129,24.32181739807129,100
2025-01-10,23.916139602661133,23.916139602661133,23.633107289340433,23.774624345732843,3000
2025-01-13,23.991613388061523,23.991613388061523,23.991613388061523,23.991613388061523,200
2025-01-14,24.057653427124023,24.057653427124023,23.963309328301325,23.963309328301325,1900
2025-01-15,23.991613388061523,24.312382248261276,23.68027911780459,24.274643888489994,3700
2025-01-16,24.03878402709961,24.03878402709961,24.010482057337057,24.010482057337057,400
2025-01-17,24.03878402709961,24.03878402709961,24.03878402709961,24.03878402709961,1300
2025-01-21,23.859533309936523,24.31238284145672,23.859533309936523,24.302948251283706,1400
2025-01-22,24.529373168945312,24.529373168945312,24.510503988482434,24.510503988482434,1100
2025-01-23,25.444507598876953,25.444507598876953,24.70862753316606,25.406771036271746,5300
2025-01-24,24.501070022583008,26.038874079675914,24.501070022583008,26.038874079675914,3900
2025-01-27,24.529373168945312,24.982222703269844,24.529373168945312,24.982222703269844,1500
2025-01-28,24.529373168945312,24.529373168945312,24.529373168945312,24.529373168945312,0
2025-01-29,24.529373168945312,24.529373168945312,24.529373168945312,24.529373168945312,0
2025-01-30,24.529373168945312,24.529373168945312,24.529373168945312,24.529373168945312,0
2025-01-31,24.463333129882812,24.463333129882812,23.802926201482514,23.802926201482514,800
2025-02-03,24.463333129882812,24.463333129882812,24.463333129882812,24.463333129882812,0
2025-02-04,24.2463436126709,24.2463436126709,24.085959171361964,24.085959171361964,1800
2025-02-05,24.482202529907227,24.491635320872096,24.274645139397514,24.29351432025551,1200
2025-02-06,24.482202529907227,24.482202529907227,24.482202529907227,24.482202529907227,0
2025-02-07,24.482202529907227,24.482202529907227,24.46333334904923,24.46333334904923,900
2025-02-10,24.35955238342285,24.44446188990593,24.24634090775472,24.24634090775472,3400
2025-02-11,24.35955238342285,24.35955238342285,24.302946645588786,24.35955238342285,700
2025-02-12,24.2463436126709,24.359555100968876,24.2463436126709,24.2463436126709,3100
2025-02-13,24.2463436126709,24.284080175615504,24.2463436126709,24.2463436126709,1100
2025-02-14,24.16143226623535,24.265209156068956,24.019915217388025,24.246341775758136,6200
2025-02-18,24.170867919921875,24.170867919921875,24.151998739316564,24.151998739316564,1500
2025-02-19,24.2463436126709,24.340685919764493,24.104826553102185,24.23690902206871,4000
2025-02-20,24.2463436126709,24.293514766217694,24.2463436126709,24.255776403808927,2000
2025-02-21,24.16143226623535,24.246341775758136,24.08595734659999,24.114259316798236,1200
2025-02-24,24.067089080810547,24.076523671056265,24.057654490564833,24.057654490564833,600
2025-02-25,24.114259719848633,24.133128899938864,24.057653979042,24.057653979042,1400
2025-02-26,24.236907958984375,24.32181747121562,24.11426008599965,24.11426008599965,800
2025-02-27,23.868967056274414,24.293514633737033,23.840665084086343,24.293514633737033,8700
2025-02-28,23.821794509887695,23.878400250417695,23.774623359356706,23.878400250417695,1000
2025-03-03,23.925573348999023,24.29351336392512,23.925573348999023,23.925573348999023,800
2025-03-04,23.925573348999023,23.925573348999023,23.859533018059885,23.859533018059885,400
2025-03-05,24.019916534423828,24.019916534423828,24.019916534423828,24.019916534423828,900
2025-03-06,23.935009002685547,23.935009002685547,23.840664897381124,23.87840145982441,600
2025-03-07,23.935009002685547,23.935009002685547,23.935009002685547,23.935009002685547,0
2025-03-10,23.585935592651367,23.84066412892338,23.444420338988273,23.491591490387943,6500
2025-03-11,23.859533309936523,23.953875612738504,23.76518920767046,23.868966100645455,4000
2025-03-12,24.057653427124023,24.057653427124023,23.963309328301325,23.963309328301325,2500
2025-03-13,24.208602905273438,24.312381592380767,24.076522248565194,24.076522248565194,3200
2025-03-14,24.56711196899414,24.56711196899414,24.25577588418397,24.25577588418397,3600
2025-03-17,24.623716354370117,24.623716354370117,24.246341756493155,24.406726185523866,1500
2025-03-18,24.623716354370117,24.623716354370117,24.623716354370117,24.623716354370117,0
2025-03-19,24.2463436126709,24.670889392984556,24.2463436126709,24.670889392984556,1400
2025-03-20,24.670886993408203,24.670886993408203,24.38785650072763,24.633150434133988,800
2025-03-21,24.670886993408203,24.670886993408203,24.670886993408203,24.670886993408203,300
2025-03-24,24.09539222717285,24.670887821536216,24.08595763717161,24.670887821536216,1700
2025-03-25,24.614282608032227,24.614282608032227,24.614282608032227,24.614282608032227,800
2025-03-26,24.63315200805664,24.63315200805664,24.63315200805664,24.63315200805664,400
2025-03-27,24.406726837158203,24.406726837158203,24.33125191556771,24.33125191556771,600
2025-03-28,24.3123836517334,24.67088909293571,24.3123836517334,24.3123836517334,1200
2025-03-31,24.368988037109375,24.368988037109375,24.368988037109375,24.368988037109375,100
2025-04-01,24.368988037109375,24.368988037109375,24.368988037109375,24.368988037109375,0
2025-04-02,24.29351234436035,24.62371578466193,24.29351234436035,24.519937097847837,2100
2025-04-03,24.604846954345703,24.604846954345703,24.604846954345703,24.604846954345703,500
2025-04-04,24.63315200805664,24.63315200805664,24.63315200805664,24.63315200805664,200
2025-04-07,23.963308334350586,23.963308334350586,23.963308334350586,23.963308334350586,200
2025-04-08,23.963308334350586,23.963308334350586,23.963308334350586,23.963308334350586,0
2025-04-09,23.963308334350586,24.321815535113878,23.963308334350586,24.321815535113878,1500
2025-04-10,23.97274398803711,23.97274398803711,23.97274398803711,23.97274398803711,200
2025-04-11,23.727449417114258,24.321815965947856,23.727449417114258,24.067087445019173,6500
2025-04-14,24.010482788085938,24.661453304932614,23.868965737110177,24.661453304932614,1400
2025-04-15,23.83123016357422,23.83123016357422,23.633107363680107,23.82179557315411,2300
2025-04-16,23.83123016357422,23.83123016357422,23.83123016357422,23.83123016357422,0
2025-04-17,24.58597755432129,24.652017882833448,23.86896493147041,23.86896493147041,900
2025-04-21,24.189735412597656,24.350119849554087,24.189735412597656,24.350119849554087,300
2025-04-22,23.935009002685547,24.670889065238928,23.935009002685547,24.61428332184193,3500
2025-04-23,23.944440841674805,24.293513477582906,23.944440841674805,24.067088713533355,1500
2025-04-24,23.868967056274414,23.868967056274414,23.736886387492333,23.736886387492333,1800
2025-04-25,23.868967056274414,23.868967056274414,23.868967056274414,23.868967056274414,0
2025-04-28,24.057653427124023,24.057653427124023,24.057653427124023,24.057653427124023,100
2025-04-29,23.878398895263672,23.878398895263672,23.878398895263672,23.878398895263672,500
2025-04-30,24.142562866210938,24.142562866210938,24.142562866210938,24.142562866210938,200
2025-05-01,23.868967056274414,24.133130193302726,23.812361312434117,24.133130193302726,1900
2025-05-02,24.010482788085938,24.010482788085938,24.010482788085938,24.010482788085938,500
2025-05-05,23.963308334350586,23.963308334350586,23.963308334350586,23.963308334350586,1200
2025-05-06,24.057653427124023,24.067088016952695,24.057653427124023,24.067088016952695,500
2025-05-07,24.057653427124023,24.057653427124023,24.057653427124023,24.057653427124023,0
2025-05-08,23.80292510986328,23.991613309171168,23.80292510986328,23.991613309171168,1400
2025-05-09,23.80292510986328,23.80292510986328,23.80292510986328,23.80292510986328,0
2025-05-12,23.84066390991211,23.84066390991211,23.84066390991211,23.84066390991211,300
2025-05-13,23.84066390991211,23.84066390991211,23.84066390991211,23.84066390991211,0
2025-05-14,23.84066390991211,23.84066390991211,23.84066390991211,23.84066390991211,1400
2025-05-15,23.991613388061523,23.991613388061523,23.82179436801883,23.85009813784729,4900
2025-05-16,23.868967056274414,24.14256478385347,23.868967056274414,24.14256478385347,800
2025-05-19,23.887834548950195,23.887834548950195,23.868965369182412,23.868965369182412,500
2025-05-20,23.925573348999023,23.925573348999023,23.925573348999023,23.925573348999023,200
2025-05-21,23.89727020263672,24.13312956184137,23.89727020263672,23.906704792940598,5100
2025-05-22,23.916139602661133,24.133129783248787,23.916139602661133,24.104826012077478,2200
2025-05-23,23.916139602661133,23.916139602661133,23.916139602661133,23.916139602661133,900
2025-05-27,23.916139602661133,23.916139602661133,23.916139602661133,23.916139602661133,0
2025-05-28,24.019916534423828,24.019916534423828,23.916139638900034,23.916139638900034,200
2025-05-29,24.019916534423828,24.019916534423828,24.019916534423828,24.019916534423828,0
2025-05-30,23.982179641723633,23.982179641723633,23.91613930926487,23.93500848981426,3100
2025-06-02,23.953876495361328,23.953876495361328,23.92557452326353,23.92557452326353,400
2025-06-03,23.953876495361328,23.953876495361328,23.953876495361328,23.953876495361328,0
2025-06-04,24.64258575439453,24.64258575439453,23.963309672680353,24.142563283073155,3200
2025-06-05,24.2463436126709,24.2463436126709,24.2463436126709,24.2463436126709,300
2025-06-06,24.3784236907959,24.3784236907959,24.3784236907959,24.3784236907959,400
2025-06-09,24.416160583496094,24.416160583496094,24.293514505910093,24.340685658951443,500
2025-06-10,24.416160583496094,24.416160583496094,24.416160583496094,24.416160583496094,0
2025-06-11,24.604846954345703,24.604846954345703,24.604846954345703,24.604846954345703,300
2025-06-12,24.604846954345703,24.604846954345703,24.604846954345703,24.604846954345703,0
2025-06-13,24.491634368896484,24.680322571214,24.491634368896484,24.51993813908333,1300
2025-06-16,24.784101486206055,24.784101486206055,24.680322794048017,24.680322794048017,2700
2025-06-17,24.64258575439453,25.142606426251866,24.151997873037413,24.652018544894748,2600
2025-06-18,24.483251571655273,25.32850562211275,24.12377445441656,25.32850562211275,2300
2025-06-20,24.483251571655273,24.52211291094921,24.288939315888562,24.288939315888562,1700
2025-06-23,24.696992874145508,25.221632984964092,24.43467189218674,24.871873528784686,4300
2025-06-24,24.60955238342285,24.60955238342285,24.59012078790331,24.59012078790331,200
2025-06-25,24.677560806274414,24.677560806274414,24.454103019888798,24.58040468298969,3000
2025-06-26,24.531827926635742,24.531827926635742,24.531827926635742,24.531827926635742,100
2025-06-27,24.76500129699707,24.901018758642984,24.444387385189614,24.901018758642984,1200
2025-06-30,25.13419532775879,25.1827724653603,25.13419532775879,25.1827724653603,1600
2025-07-01,24.492965698242188,25.007891882672265,24.492965698242188,25.007891882672265,200
2025-07-02,24.531827926635742,25.085615428879805,24.395810463796554,25.085615428879805,2800
2025-07-03,24.813581466674805,24.813581466674805,24.813581466674805,24.813581466674805,300
2025-07-07,24.7164249420166,24.91073534291781,24.658130153957146,24.658130153957146,2300
2025-07-08,24.7164249420166,24.7164249420166,24.7164249420166,24.7164249420166,0
2025-07-09,24.87187385559082,24.87187385559082,24.87187385559082,24.87187385559082,400
2025-07-10,24.784433364868164,24.784433364868164,24.70670883486042,24.70670883486042,300
2025-07-11,24.774717330932617,24.88158925358713,24.774717330932617,24.88158925358713,1600
2025-07-14,24.774717330932617,24.774717330932617,24.774717330932617,24.774717330932617,0
2025-07-15,24.755285263061523,24.755285263061523,24.755285263061523,24.755285263061523,300
2025-07-16,24.910736083984375,24.910736083984375,24.910736083984375,24.910736083984375,1000
2025-07-17,24.774717330932617,24.774717330932617,24.63869986798975,24.667845408278108,2200
2025-07-18,24.784433364868164,24.784433364868164,24.658129845418728,24.658129845418728,500
2025-07-21,24.784433364868164,24.784433364868164,24.784433364868164,24.784433364868164,0
2025-07-22,25.114763259887695,25.114763259887695,24.91073520897463,24.91073520897463,1000
2025-07-23,25.114763259887695,25.114763259887695,25.114763259887695,25.114763259887695,0
2025-07-24,24.774717330932617,24.774717330932617,24.774717330932617,24.774717330932617,1500
2025-07-25,24.74557113647461,24.74557113647461,24.628985263474664,24.74557113647461,1400
2025-07-28,25.037038803100586,25.037038803100586,25.037038803100586,25.037038803100586,200
2025-07-29,24.910736083984375,24.910736083984375,24.910736083984375,24.910736083984375,100
2025-07-30,24.774717330932617,24.774717330932617,24.774717330932617,24.774717330932617,100
2025-07-31,24.774717330932617,24.774717330932617,24.774717330932617,24.774717330932617,400
2025-08-01,24.969030380249023,24.969030380249023,24.871874252278992,24.881590050385896,600
2025-08-04,25.114763259887695,25.114763259887695,25.114763259887695,25.114763259887695,600
2025-08-05,26.07660484313965,26.183476766848088,24.735854383684753,24.735854383684753,8900
2025-08-06,24.978744506835938,25.406230361152218,24.978744506835938,25.406230361152218,1400
2025-08-07,25.260496139526367,25.260496139526367,25.211919003574554,25.231348746095907,1900
2025-08-08,25.2119197845459,26.232054495925624,25.2119197845459,26.232054495925624,1200
2025-08-11,25.40622901916504,25.40622901916504,25.211918625175176,25.211918625175176,1300
2025-08-12,25.270212173461914,25.40622963787711,25.270212173461914,25.270212173461914,2000
2025-08-13,25.0953311920166,25.143908327792392,25.0953311920166,25.143908327792392,1100
2025-08-14,25.600542068481445,25.600542068481445,25.338221082621082,25.45480880514757,4500
2025-08-15,24.9981746673584,25.61997274331274,24.93016593712095,24.93016593712095,4300
2025-08-18,24.658130645751953,25.134195492237435,24.492965782487342,25.134195492237435,8500
2025-08-19,24.658130645751953,24.658130645751953,24.658130645751953,24.658130645751953,0
2025-08-20,24.735855102539062,24.735855102539062,24.677562166594473,24.677562166594473,400
2025-08-21,24.910736083984375,24.910736083984375,24.72614147560159,24.72614147560159,1900
2025-08-22,24.84272575378418,24.901018686735675,24.765001225482543,24.774717023157613,5200
2025-08-25,24.930166244506836,25.08561530213736,24.910734649028285,24.910734649028285,2900
2025-08-26,24.930166244506836,24.930166244506836,24.930166244506836,24.930166244506836,0
2025-08-27,24.969030380249023,24.969030380249023,24.774718124308958,24.774718124308958,600
2025-08-28,24.969030380249023,24.969030380249023,24.969030380249023,24.969030380249023,0
2025-08-29,24.969030380249023,24.969030380249023,24.969030380249023,24.969030380249023,0
2025-09-02,24.930166244506836,24.930166244506836,24.930166244506836,24.930166244506836,300
2025-09-03,24.930166244506836,24.930166244506836,24.930166244506836,24.930166244506836,0
2025-09-04,24.969030380249023,24.969030380249023,24.716425188766543,24.716425188766543,3500
2025-09-05,24.988460540771484,24.988460540771484,24.988460540771484,24.988460540771484,800
2025-09-08,25.23134994506836,25.23134994506836,24.998176345841316,25.04675533720052,3800
2025-09-09,25.163339614868164,25.163339614868164,25.163339614868164,25.163339614868164,700
2025-09-10,24.959314346313477,24.959314346313477,24.959314346313477,24.959314346313477,300
2025-09-11,25.260496139526367,25.318789073288336,24.765001569802244,25.28964353295683,4200
2025-09-12,25.260496139526367,25.260496139526367,25.260496139526367,25.260496139526367,0
2025-09-15,25.386798858642578,25.406230455069473,25.260497188065823,25.260497188065823,2800
2025-09-16,25.20220375061035,25.20220375061035,25.02732309244475,25.03703889046495,1500
2025-09-17,25.20220375061035,25.20220375061035,25.20220375061035,25.20220375061035,0
2025-09-18,25.40622901916504,25.40622901916504,25.241064165069247,25.241064165069247,4100
2025-09-19,25.726842880249023,25.726842880249023,25.38679737504663,25.40622897033795,6100
2025-09-22,25.454809188842773,25.454809188842773,25.454809188842773,25.454809188842773,700
2025-09-23,25.017606735229492,25.27021191881145,25.017606735229492,25.02732253303252,1700
2025-09-24,25.260496139526367,25.309073275478184,25.192487407954246,25.309073275478184,1300
2025-09-25,25.43537712097168,25.43537712097168,25.066184211834386,25.105047403574726,2300
2025-09-26,25.445093154907227,25.454808952932424,25.445093154907227,25.445093154907227,1300
2025-09-29,25.445093154907227,25.445093154907227,25.445093154907227,25.445093154907227,0
2025-09-30,25.445093154907227,25.445093154907227,25.445093154907227,25.445093154907227,0
2025-10-01,25.338220596313477,25.357652191878113,25.338220596313477,25.357652191878113,800
2025-10-02,25.454809188842773,25.454809188842773,25.454809188842773,25.454809188842773,1100
2025-10-03,25.493669509887695,25.619973027241766,25.454808172078017,25.454808172078017,1200
2025-10-06,25.726842880249023,25.726842880249023,25.726842880249023,25.726842880249023,200
2025-10-07,25.69769859313965,25.69769859313965,25.474238942593963,25.532533731309716,2000
2025-10-08,25.503385543823242,25.678266198333862,25.493669746006102,25.678266198333862,800
2025-10-09,25.503385543823242,25.503385543823242,25.503385543823242,25.503385543823242,0
2025-10-10,25.649118423461914,25.649118423461914,25.649118423461914,25.649118423461914,100
2025-10-13,25.649118423461914,25.649118423461914,25.649118423461914,25.649118423461914,0
2025-10-14,25.649118423461914,25.649118423461914,25.649118423461914,25.649118423461914,0
2025-10-15,25.25078010559082,25.25078010559082,25.22163271243292,25.22163271243292,500
2025-10-16,25.25078010559082,25.25078010559082,25.25078010559082,25.25078010559082,0
2025-10-17,25.25078010559082,25.25078010559082,25.25078010559082,25.25078010559082,0
2025-10-20,25.425661087036133,25.542248808076003,25.425661087036133,25.542248808076003,300
2025-10-21,25.425661087036133,25.425661087036133,25.425661087036133,25.425661087036133,0
2025-10-22,25.425661087036133,25.425661087036133,25.425661087036133,25.425661087036133,0
2025-10-23,25.81428337097168,25.892007899534864,24.87187323050568,24.87187323050568,4100
2025-10-24,25.989164352416992,26.23205373888818,25.94058721636234,26.23205373888818,5300
2025-10-27,25.182771682739258,26.08632049759976,25.124478748809246,26.08632049759976,4800
2025-10-28,25.163339614868164,25.59082544623064,25.163339614868164,25.59082544623064,800
2025-10-29,25.163339614868164,25.163339614868164,25.163339614868164,25.163339614868164,0
2025-10-30,25.678266525268555,25.678266525268555,25.163340352997814,25.21191934270202,700
2025-10-31,25.260496139526367,25.979448499587168,25.260496139526367,25.979448499587168,2200
2025-11-03,25.270212173461914,25.279927971362852,25.270212173461914,25.270212173461914,1400
2025-11-04,25.192487716674805,25.192487716674805,25.192487716674805,25.192487716674805,300
2025-11-05,25.833715438842773,25.87257677728561,25.445092788919585,25.445092788919585,1000
2025-11-06,25.35765266418457,26.49437508250281,25.279928133577297,26.406934753932255,10300
2025-11-07,25.69769859313965,25.69769859313965,25.066184687078774,25.687982795020357,4200
2025-11-10,25.833715438842773,25.950301307270248,25.066184083782876,25.862862832499125,4600
2025-11-11,25.833715438842773,25.833715438842773,25.833715438842773,25.833715438842773,0
2025-11-12,25.600542068481445,25.600542068481445,25.066184298791928,25.105047490667086,2600
2025-11-13,25.600542068481445,25.600542068481445,25.600542068481445,25.600542068481445,0
2025-11-14,25.503385543823242,25.503385543823242,25.503385543823242,25.503385543823242,200
2025-11-17,25.454809188842773,25.454809188842773,25.173056602797807,25.173056602797807,300
2025-11-18,25.454809188842773,25.454809188842773,25.454809188842773,25.454809188842773,0
2025-11-19,25.35765266418457,25.35765266418457,25.26049653765073,25.26049653765073,300
2025-11-20,25.270212173461914,25.270212173461914,25.11476311324484,25.11476311324484,1300
2025-11-21,25.30907440185547,25.31879020009802,25.30907440185547,25.30907440185547,2800
2025-11-24,25.30907440185547,25.30907440185547,25.11476399630149,25.11476399630149,900
2025-11-25,25.260496139526367,25.260496139526367,25.260496139526367,25.260496139526367,400
2025-11-26,25.503385543823242,25.503385543823242,25.47423815037182,25.47423815037182,500
2025-11-28,25.503385543823242,25.503385543823242,25.503385543823242,25.503385543823242,0
2025-12-01,25.503385543823242,25.503385543823242,25.503385543823242,25.503385543823242,0
2025-12-02,25.746274948120117,25.89200820928214,25.64911882297912,25.89200820928214,700
2025-12-03,25.32850456237793,25.32850456237793,25.270211629326475,25.270211629326475,800
2025-12-04,25.668550491333008,25.668550491333008,25.328504978925814,25.328504978925814,600
2025-12-05,25.318788528442383,25.318788528442383,25.318788528442383,25.318788528442383,100
2025-12-08,25.35765266418457,25.35765266418457,25.35765266418457,25.35765266418457,100
2025-12-09,25.386798858642578,25.386798858642578,25.386798858642578,25.386798858642578,700
2025-12-10,25.551963806152344,25.551963806152344,25.551963806152344,25.551963806152344,200
2025-12-11,25.464523315429688,25.542249700905835,25.260497112851876,25.328505847044482,5300
2025-12-12,25.707412719726562,25.804568848506666,25.328505855893102,25.328505855893102,2800
2025-12-15,25.425661087036133,25.843431128872137,25.309073365996266,25.843431128872137,3200
2025-12-16,25.678266525268555,25.678266525268555,25.678266525268555,25.678266525268555,100
2025-12-17,25.532533645629883,25.63940371838544,25.328505592007442,25.34793718818082,1500
2025-12-18,25.823999404907227,25.823999404907227,25.386797769553123,25.619973210474612,1200
2025-12-19,25.979999542236328,25.979999542236328,25.75,25.950000762939453,9100
2025-12-22,25.75,25.959999084472656,25.75,25.959999084472656,700
2025-12-23,25.520000457763672,25.90999984741211,25.520000457763672,25.75,5000
2025-12-24,25.649999618530273,25.649999618530273,25.6200008392334,25.6200008392334,200
2025-12-26,25.6200008392334,25.899999618530273,25.6200008392334,25.899999618530273,400
2025-12-29,25.75,25.75,25.610000610351562,25.610000610351562,2300
2025-12-30,25.75,25.75,25.75,25.75,200
2025-12-31,25.75,25.75,25.75,25.75,700
2026-01-02,25.770000457763672,25.770000457763672,25.770000457763672,25.770000457763672,400
2026-01-05,25.770000457763672,25.770000457763672,25.770000457763672,25.770000457763672,0
2026-01-06,25.780000686645508,26.0,25.780000686645508,26.0,600
2026-01-07,25.829999923706055,25.950000762939453,25.829999923706055,25.950000762939453,700
2026-01-08,25.709999084472656,25.709999084472656,25.709999084472656,25.709999084472656,300
2026-01-09,25.709999084472656,25.709999084472656,25.709999084472656,25.709999084472656,0
2026-01-12,25.709999084472656,25.709999084472656,25.709999084472656,25.709999084472656,0
2026-01-13,25.850000381469727,25.850000381469727,25.65999984741211,25.65999984741211,800
2026-01-14,25.850000381469727,25.850000381469727,25.850000381469727,25.850000381469727,0
2026-01-15,25.700000762939453,25.700000762939453,25.700000762939453,25.700000762939453,300
2026-01-16,25.81999969482422,25.81999969482422,25.81999969482422,25.81999969482422,200
2026-01-20,25.920000076293945,25.920000076293945,25.639999389648438,25.639999389648438,3100
2026-01-21,26.5,26.510000228881836,26.0,26.0,2100
2026-01-22,26.25,26.25,26.25,26.25,300
2026-01-23,26.299999237060547,26.299999237060547,26.299999237060547,26.299999237060547,500
2026-01-26,26.010000228881836,26.010000228881836,25.649999618530273,26.010000228881836,1700
2026-01-27,26.0,26.020000457763672,25.950000762939453,25.950000762939453,4000
2026-01-28,26.0,26.0,25.850000381469727,26.0,3500
2026-01-29,26.0,26.0,26.0,26.0,0
2026-01-30,26.0,26.0,26.0,26.0,0
2026-02-02,26.0,26.0,26.0,26.0,600
2026-02-03,26.0,26.0,26.0,26.0,0
2026-02-04,25.610000610351562,26.049999237060547,25.610000610351562,25.829999923706055,700
2026-02-05,26.0,26.0,25.649999618530273,25.68000030517578,1000
2026-02-06,26.0,26.0,26.0,26.0,0
2026-02-09,26.100000381469727,26.350000381469727,25.790000915527344,26.09000015258789,1500
2026-02-10,25.829999923706055,25.829999923706055,25.610000610351562,25.610000610351562,800
2026-02-11,25.829999923706055,25.829999923706055,25.829999923706055,25.829999923706055,0
2026-02-12,26.0,26.0,25.600000381469727,25.860000610351562,1500
2026-02-13,25.969999313354492,26.6299991607666,25.969999313354492,26.0,2700
2026-02-17,25.860000610351562,25.860000610351562,25.860000610351562,25.860000610351562,500
2026-02-18,26.100000381469727,26.100000381469727,26.0,26.0,4500
2026-02-19,26.020000457763672,26.020000457763672,25.850000381469727,25.850000381469727,400
2026-02-20,26.110000610351562,26.110000610351562,25.760000228881836,25.90999984741211,2000
2026-02-23,26.0,26.049999237060547,25.989999771118164,25.989999771118164,1600
2026-02-24,26.0,26.0,26.0,26.0,0
2026-02-25,25.989999771118164,25.989999771118164,25.719999313354492,25.719999313354492,300
2026-02-26,26.299999237060547,26.299999237060547,25.959999084472656,26.100000381469727,1200
2026-02-27,26.100000381469727,26.100000381469727,26.100000381469727,26.100000381469727,500
2026-03-02,26.100000381469727,26.100000381469727,26.100000381469727,26.100000381469727,500
2026-03-03,26.100000381469727,26.100000381469727,26.100000381469727,26.100000381469727,0
2026-03-04,25.65999984741211,25.65999984741211,25.65999984741211,25.65999984741211,800
2026-03-05,26.0,26.0,25.709999084472656,25.729999542236328,1400
2026-03-06,26.3799991607666,26.3799991607666,25.920000076293945,25.920000076293945,1700
2026-03-09,26.049999237060547,26.049999237060547,26.049999237060547,26.049999237060547,1000
2026-03-10,26.049999237060547,26.049999237060547,26.049999237060547,26.049999237060547,0
2026-03-11,26.0,26.0,25.850000381469727,26.0,1900
2026-03-12,25.950000762939453,25.950000762939453,25.690000534057617,25.950000762939453,7487
