date,close,high,low,open,volume
2021-03-15,18.231372833251953,18.231372833251953,18.096911450380713,18.144369473946146,253600
2021-03-16,18.26301383972168,18.30256068911007,18.1760089607285,18.29465101750927,261100
2021-03-17,18.199737548828125,18.28674242578143,17.970361603629623,18.04154713775222,203700
2021-03-18,17.899179458618164,18.104826428508733,17.89127129432101,18.073189245472566,396900
2021-03-19,17.962453842163086,18.009911875701412,17.788445578369736,17.867540792317886,250200
2021-03-22,17.990163803100586,18.029755739960148,17.847637361240057,17.9584917638909,176200
2021-03-23,17.649682998657227,17.895146977073875,17.62592783547702,17.73678224309524,129500
2021-03-24,17.388383865356445,17.618012619943222,17.380466986482276,17.578422184459168,409100
2021-03-25,17.404218673706055,17.45172900324327,17.253773827672607,17.269609093906876,264600
2021-03-26,17.768461227416992,17.77637961756509,17.459650052755148,17.507160393643733,320500
2021-03-29,17.7842960357666,17.847643155306937,17.69719676695555,17.736787206389803,242500
2021-03-30,17.792211532592773,17.855557131554296,17.689275500634633,17.792211532592773,5526300
2021-03-31,17.831802368164062,17.90306635135366,17.736783220485222,17.784292039185583,267500
2021-04-01,17.8397216796875,17.958494487724984,17.8080481253958,17.958494487724984,232900
2021-04-05,17.871397018432617,17.903070578563586,17.823888188514637,17.855560238367133,484300
2021-04-06,17.855558395385742,17.94265916647723,17.815967959586878,17.847641516448622,270300
2021-04-07,17.720947265625,17.784292863587947,17.673438444722336,17.720947265625,438100
2021-04-08,17.863479614257812,17.910989957076286,17.815970781717894,17.847644343596876,133700
2021-04-09,17.71302604675293,17.744698082834002,17.673434113804323,17.744698082834002,283600
2021-04-12,17.625932693481445,17.705115082294764,17.57050547439566,17.705115082294764,167600
2021-04-13,17.71302604675293,17.768453242603165,17.59425175818492,17.649680464312972,381500
2021-04-14,17.855558395385742,17.94265916647723,17.815967959586878,17.815967959586878,150700
2021-04-15,17.98224639892578,18.006001562340355,17.926819194569823,17.99016478673064,338100
2021-04-16,18.06143569946289,18.101027653684298,17.974336420733046,18.045600428052953,181900
2021-04-19,18.06143569946289,18.077272481151454,17.998090082987265,18.02184525552011,211500
2021-04-20,17.934743881225586,18.053516719456503,17.887235047988938,18.053516719456503,217200
2021-04-21,18.021839141845703,18.021839141845703,17.823883968728257,17.855556011082427,188800
2021-04-22,17.97433090209961,18.045594887539437,17.91098530507289,17.990166168647665,227000
2021-04-23,18.10894012451172,18.14853055551194,18.006002587466124,18.03767614048881,212300
2021-04-26,18.140613555908203,18.17228711135548,18.069349566430084,18.09310473301554,165600
2021-04-27,18.09310531616211,18.188122965009885,18.08518692704508,18.10894209439617,327200
2021-04-28,18.322734832763672,18.378162053181505,18.156453171510176,18.19604361172906,255900
2021-04-29,18.29897689819336,18.330648940914337,18.180202584724828,18.330648940914337,133500
2021-04-30,17.97433090209961,18.1168573627011,17.950575736860277,18.069348542500602,193000
2021-05-03,17.990163803100586,18.045592514703973,17.91098294993739,17.966410151262814,174000
2021-05-04,17.808048248291016,17.871393847033378,17.681357050806294,17.871393847033378,571500
2021-05-05,18.03767967224121,18.069351721187104,17.942660504846668,17.982250943598643,323800
2021-05-06,18.267303466796875,18.275221855099364,18.085185066674054,18.10894023158152,241800
2021-05-07,18.58403205871582,18.60778722440457,18.409832041166222,18.409832041166222,436800
2021-05-10,18.425668716430664,18.552359912180574,18.40983193939238,18.552359912180574,313600
2021-05-11,18.338571548461914,18.362326718676783,18.13269793743515,18.13269793743515,278300
2021-05-12,17.808048248291016,18.17228657376824,17.800129859663446,18.069349031888027,321600
2021-05-13,17.942659378051758,18.013923371552693,17.82388655897631,17.863476995242014,113100
2021-05-14,18.16436767578125,18.196039719125192,18.09310369040968,18.10102207881521,171500
2021-05-17,18.11685562133789,18.132692396641907,17.974329174435812,17.998082827113816,258300
2021-05-18,18.370243072509766,18.433588675782765,18.21187830918811,18.354406294121937,418100
2021-05-19,18.283138275146484,18.34648386446884,18.124773546701604,18.203955910924044,172200
2021-05-20,18.25938606262207,18.298978006268406,18.211877240524693,18.24355079544176,136200
2021-05-21,18.132694244384766,18.29897738146533,18.093103812368437,18.29897738146533,249600
2021-05-24,18.275222778320312,18.31481321155463,18.196040401573455,18.235632345085993,173300
2021-05-25,18.378158569335938,18.465259333640457,18.36232330241728,18.370241691015707,171100
2021-05-26,18.52068519592285,18.55235874801189,18.39399400812287,18.39399400812287,166500
2021-05-27,18.591955184936523,18.607791966097935,18.520691179988756,18.591955184936523,249200
2021-05-28,18.734474182128906,18.774064605707856,18.65529182469315,18.663210211464513,238700
2021-06-01,19.067041397094727,19.082878172732144,18.940350212551483,19.067041397094727,221600
2021-06-02,19.18581771850586,19.2016544970527,19.02745446387242,19.05912651068778,515800
2021-06-03,19.01161766052246,19.07496326434886,18.9799441034701,19.051208096559588,173400
2021-06-04,19.233327865600586,19.272918301301257,19.154145483920935,19.17789914123001,158300
2021-06-07,19.21748924255371,19.21748924255371,19.114551703167475,19.154143645346092,189300
2021-06-08,19.130390167236328,19.19373577003069,19.07496295357605,19.19373577003069,179000
2021-06-09,19.130390167236328,19.19373577003069,19.106634999834082,19.106634999834082,108400
2021-06-10,19.241247177124023,19.27292073791159,19.185819956024282,19.241247177124023,154900
2021-06-11,19.16997718811035,19.31250514658044,19.10663159659898,19.24915955506907,110700
2021-06-14,19.22541046142578,19.288756067959376,19.13830968608769,19.193736903019786,133700
2021-06-15,19.067041397094727,19.13038698936635,18.97994064136698,19.13038698936635,118100
2021-06-16,18.924510955810547,19.185811678457835,18.837411721780022,19.067038897305043,198200
2021-06-17,18.86909294128418,19.019539342774106,18.853256160016063,18.979947389603815,124300
2021-06-18,18.607789993286133,18.7740716470159,18.607789993286133,18.69489077016082,335400
2021-06-21,18.718936920166016,18.742925855003236,18.56701004981127,18.614987919485714,224200
2021-06-22,18.73493003845215,18.758917448782732,18.58300316408281,18.70294479115733,140000
2021-06-23,18.79090118408203,18.90284649032525,18.750921153321002,18.830881214843064,162100
2021-06-24,18.918838500976562,18.942827433741787,18.838876916899515,18.918838500976562,109600
2021-06-25,18.942825317382812,19.030781677414446,18.878856362296084,19.01479058249791,152300
2021-06-28,18.870861053466797,18.90284477013697,18.78290316362834,18.894848459684358,206600
2021-06-29,18.7589168548584,18.7589168548584,18.567009952587014,18.694947887434605,138700
2021-06-30,18.670961380004883,18.686954003918682,18.59899609753334,18.686954003918682,192900
2021-07-01,18.606990814208984,18.694947187912774,18.487049195419868,18.670959779239208,299900
2021-07-02,18.606990814208984,18.63097822288255,18.511036604093434,18.58300188039499,344700
2021-07-06,18.31912612915039,18.479049273044605,18.311129819441668,18.391091391388777,319700
2021-07-07,18.375099182128906,18.42307704145218,18.247161274213834,18.36710287224169,516000
2021-07-08,18.047256469726562,18.103229108733064,17.935311191713556,18.071245397217933,389700
2021-07-09,18.26315689086914,18.295140610526175,18.14321527315954,18.14321527315954,197600
2021-07-12,18.335119247436523,18.335119247436523,18.15120869455236,18.23116874353492,254900
2021-07-13,18.311128616333008,18.38309387384301,18.27914490473969,18.295135997966334,153200
2021-07-14,18.383098602294922,18.455063878315638,18.35910966857454,18.423080158495555,116300
2021-07-15,18.35910987854004,18.471056712041683,18.327126158354172,18.431075155383795,195300
2021-07-16,18.279146194458008,18.46305674323081,18.255157265215416,18.41508040988576,184600
2021-07-19,17.919315338134766,17.983284274755757,17.831357478353496,17.943304261295044,535400
2021-07-20,17.991287231445312,18.031267259681286,17.743407701073576,17.823369282685842,300100
2021-07-21,18.103229522705078,18.111225832051723,17.903326364459165,17.903326364459165,198700
2021-07-22,18.191186904907227,18.199183214036076,18.119221647887603,18.14321057527415,186400
2021-07-23,18.015274047851562,18.127219333878273,17.99128511864292,18.127219333878273,610600
2021-07-26,17.959304809570312,17.97529743343275,17.815375770230016,17.815375770230016,515400
2021-07-27,17.815372467041016,17.82336877748962,17.671441929246654,17.743407198143835,680000
2021-07-28,18.143217086791992,18.159208185648804,17.89533599025432,17.89533599025432,433600
2021-07-29,18.175199508666992,18.199188442945935,18.087243133258454,18.19119213151962,213400
2021-07-30,17.943307876586914,18.12721841578485,17.93531156725569,18.047256847612687,171600
2021-08-02,18.119224548339844,18.25515877501005,18.087240831844642,18.15120978997531,287600
2021-08-03,18.207183837890625,18.231171245821674,17.983291704645097,18.11122963074529,235600
2021-08-04,18.143217086791992,18.271155028489886,18.079248115943045,18.271155028489886,935600
2021-08-05,18.16720199584961,18.2631562014795,18.151210899194925,18.16720199584961,834400
2021-08-06,18.06325340270996,18.11122974401248,18.02327337248126,18.11122974401248,714800
2021-08-09,18.119224548339844,18.183193506470513,18.10323192752211,18.143213479566445,836500
2021-08-10,18.127220153808594,18.1512090841023,18.079243818361387,18.08724012845929,401000
2021-08-11,18.351118087768555,18.351118087768555,18.23117492335723,18.271156486541233,391400
2021-08-12,18.207183837890625,18.255160178893103,18.175198593795386,18.255160178893103,222300
2021-08-13,18.26315689086914,18.26315689086914,18.135218961960177,18.239167957271054,161800
2021-08-16,18.199186325073242,18.215178946064782,18.14321367674314,18.191190014577472,358300
2021-08-17,17.967296600341797,18.07924341406884,17.871343931593096,17.991285530099056,319200
2021-08-18,17.91132354736328,18.127219334831988,17.91132354736328,18.03126514313252,233000
2021-08-19,17.65544891357422,17.70342525005283,17.567491025746563,17.639456293034602,553000
2021-08-20,17.6154727935791,17.65545282865344,17.399576943840295,17.463545915043582,485100
2021-08-23,17.88733673095703,17.91132413581487,17.743406201249257,17.743406201249257,353400
2021-08-24,18.095239639282227,18.151213824586108,17.959305382396863,17.959305382396863,281700
2021-08-25,18.199186325073242,18.199186325073242,18.039263165438427,18.039263165438427,191100
2021-08-26,18.023273468017578,18.103233528898826,17.999284534668963,18.103233528898826,144500
2021-08-27,18.36710548400879,18.36710548400879,18.111229631793595,18.111229631793595,130900
2021-08-30,18.399089813232422,18.431073530598777,18.335120853359406,18.36710457072576,290500
2021-08-31,18.53502655029297,18.598995518817187,18.511037615168696,18.511037615168696,341100
2021-09-01,18.686954498291016,18.73493084616109,18.638976625280335,18.638976625280335,240200
2021-09-02,18.62298011779785,18.73492540536495,18.57500225872039,18.63897121235018,609500
2021-09-03,18.702939987182617,18.74292153603162,18.65496365370396,18.65496365370396,194300
2021-09-07,18.77490997314453,18.86286787759962,18.638975723141453,18.68695359382997,291700
2021-09-08,18.447063446044922,18.63097398806139,18.447063446044922,18.60698658484016,269000
2021-09-09,18.551015853881836,18.58299956984999,18.40708531917454,18.447065345419794,175900
2021-09-10,18.567007064819336,18.710937600422163,18.551015969305883,18.710937600422163,111200
2021-09-13,18.766908645629883,18.798893884207033,18.65496336089009,18.65496336089009,215100
2021-09-14,18.559011459350586,18.718934621680884,18.543020363229804,18.718934621680884,280200
2021-09-15,18.646970748901367,18.65496706013131,18.543021753192996,18.559012850512453,169200
2021-09-16,18.423080444335938,18.44706785328807,18.33512254447027,18.439071541923877,208900
2021-09-17,18.16720199584961,18.30313623082675,18.135218277399886,18.30313623082675,3737000
2021-09-20,17.641836166381836,17.77966307183699,17.47968632006676,17.77966307183699,636600
2021-09-21,17.812095642089844,17.87695528419033,17.747235999989357,17.803987993530303,304200
2021-09-22,18.079641342163086,18.233683567638693,18.05531994355564,18.06342759188339,322700
2021-09-23,18.274221420288086,18.322865762843318,18.21746788320192,18.233683179512255,179400
2021-09-24,18.087745666503906,18.14449764799302,18.039101331852592,18.136391547530735,945000
2021-09-27,18.209362030029297,18.26611557270993,18.103965686374256,18.144502384770213,187500
2021-09-28,18.063426971435547,18.249898237441375,18.022888731189227,18.24179058939211,199100
2021-09-29,18.02288818359375,18.152607455689175,18.02288818359375,18.112070763050244,154800
2021-09-30,18.112071990966797,18.24989892020919,18.07153529557966,18.176931631411698,291000
2021-10-01,18.225576400756836,18.249899346382595,18.06342806904598,18.20125500150692,460900
2021-10-04,18.063426971435547,18.120178961404648,17.949921445121596,18.103963665306118,567600
2021-10-05,18.274221420288086,18.339081059153653,18.19314648511219,18.225575531357087,251500
2021-10-06,18.241788864135742,18.26611180598314,18.0391023212009,18.103961953085026,1775200
2021-10-07,18.371509552001953,18.43636918891378,18.3390805067339,18.3390805067339,504200
2021-10-08,18.444475173950195,18.52555009937454,18.420152232410217,18.420152232410217,197700
2021-10-11,18.460691452026367,18.63905506036394,18.452583804414342,18.59041072106745,248400
2021-10-12,18.436368942260742,18.533659169514735,18.428261294458267,18.52555152171226,103300
2021-10-13,18.606630325317383,18.62284407792064,18.45258807776627,18.501232428328088,171900
2021-10-14,18.614734649658203,18.647165244517787,18.59852089860429,18.647165244517787,249200
2021-10-15,18.80120277404785,18.83363181441912,18.67148351981179,18.687697266809682,195900
2021-10-18,18.7525577545166,18.80931128392795,18.671484376680077,18.71202106559834,240000
2021-10-19,18.793100357055664,18.83363705539407,18.75256211234134,18.80120800599853,102400
2021-10-20,18.80931282043457,18.857957160385286,18.728237889599587,18.752559286387104,100900
2021-10-21,18.582304000854492,18.663378934645344,18.53365965913028,18.655271286628686,232000
2021-10-22,18.52555274963379,18.59852003831682,18.39583346894747,18.541768046313532,125400
2021-10-25,18.72823715209961,18.736344799501406,18.590410239020336,18.59851788642213,99700
2021-10-26,18.606630325317383,18.809316923430313,18.582307376848462,18.744457273889218,1708500
2021-10-27,18.47690773010254,18.590411709957248,18.46880008205924,18.525552071986592,219700
2021-10-28,18.403940200805664,18.420153950302186,18.33908056369239,18.37961725699729,353200
2021-10-29,18.112071990966797,18.201254576469463,18.079641397556443,18.185039279764286,730100
2021-11-01,18.33097267150879,18.33097267150879,18.185038103354472,18.185038103354472,140600
2021-11-02,18.144498825073242,18.24178904706285,18.095854487266248,18.24178904706285,157800
2021-11-03,18.23368263244629,18.25800557618203,18.05531901751138,18.079640414871395,162800
2021-11-04,18.112071990966797,18.282327967243738,18.08774904590903,18.282327967243738,289500
2021-11-05,18.185035705566406,18.225572392986212,18.136391371387536,18.152605118530158,192300
2021-11-08,18.379615783691406,18.39583107826384,18.282325562632398,18.282325562632398,101400
2021-11-09,18.339080810546875,18.436369494338482,18.306650218365842,18.403940448533195,204700
2021-11-10,18.23368263244629,18.43636919111694,18.209359688710553,18.387724850021183,225900
2021-11-11,18.52555274963379,18.574197093297208,18.452585460950758,18.46069310929063,422100
2021-11-12,18.420154571533203,18.452585164371442,18.40394082148986,18.420154571533203,109900
2021-11-15,18.444475173950195,18.48501186347458,18.412044585230223,18.45258282113019,127600
2021-11-16,18.31475830078125,18.371510292068297,18.266113957731754,18.339081245493894,219600
2021-11-17,18.290435791015625,18.35529543208258,18.241791446809362,18.30665108787632,242300
2021-11-18,18.055316925048828,18.15260559596538,18.022886337159616,18.15260559596538,311800
2021-11-19,17.982349395751953,18.095853359016676,17.974241748893686,18.071531964817392,171300
2021-11-22,17.77155876159668,17.94181474045607,17.763451113121114,17.893170395978505,331800
2021-11-23,17.966136932373047,17.9823522286441,17.80398706241405,17.852632951227207,191500
2021-11-24,17.92559814453125,17.958027186910186,17.844523219020534,17.860738513397795,177900
2021-11-26,17.455368041992188,17.479689440818813,17.268895221525096,17.431045096789745,1700400
2021-11-29,17.504009246826172,17.576976522971623,17.455364911521052,17.576976522971623,557300
2021-11-30,17.44725799560547,17.568869612151506,17.32564637905943,17.463473290178435,486300
2021-12-01,17.54454803466797,17.893169163219717,17.51211898937575,17.77966518513337,332500
2021-12-02,17.876953125,17.949920406846992,17.747233856466604,17.747233856466604,688800
2021-12-03,17.828310012817383,17.966136938416163,17.731021327909872,17.941813994001404,368000
2021-12-06,17.876953125,17.917491362901472,17.67426657461961,17.885060772580292,246100
2021-12-07,18.12828826904297,18.144502020250066,18.030998029920926,18.03910567871242,331400
2021-12-08,18.185035705566406,18.20125099908453,18.112068431110348,18.16071276528922,198900
2021-12-09,18.087745666503906,18.176928235344242,18.055316625528203,18.176928235344242,256700
2021-12-10,18.10396385192871,18.120179148194392,18.03910421324175,18.120179148194392,235700
2021-12-13,17.812095642089844,17.958030223409903,17.779666594227525,17.949922574850362,1487900
2021-12-14,17.787771224975586,17.852630856072214,17.71480394669493,17.763448283423504,1159100
2021-12-15,17.82019805908203,17.836413351440708,17.61751154372475,17.73912314366404,794800
2021-12-16,17.966136932373047,18.030996571081495,17.893169645529074,17.974244580508575,444400
2021-12-17,17.787771224975586,17.844523208888187,17.739125341871425,17.83641556170416,506200
2021-12-20,17.58902931213379,17.622154419633993,17.423408513108942,17.522780676625437,973200
2021-12-21,17.81261444091797,17.81261444091797,17.663554654714964,17.663554654714964,475600
2021-12-22,17.920269012451172,17.928550287719336,17.771209216607723,17.804334317680382,258100
2021-12-23,18.036203384399414,18.094170725670878,17.945110945549064,17.953392219943783,171700
2021-12-27,18.185264587402344,18.185264587402344,18.02792508640077,18.02792508640077,277600
2021-12-28,18.152141571044922,18.210108923506443,18.127297743064887,18.127297743064887,188900
2021-12-29,18.077608108520508,18.160419272662985,18.01135949310484,18.160419272662985,433400
2021-12-30,18.12729835510254,18.185265709521232,18.01136364626515,18.01136364626515,289400
2021-12-31,18.12729835510254,18.218390814613027,18.102456105775637,18.17698601274023,306100
2022-01-03,18.27635955810547,18.284640835007828,18.160424840456596,18.23495475308575,372700
2022-01-04,18.292917251586914,18.37572841911597,18.251512457568207,18.251512457568207,363100
2022-01-05,18.085891723632812,18.441978669887558,18.07761044819761,18.342604944156925,364800
2022-01-06,18.152141571044922,18.210108923506443,18.077611666596706,18.094174218583397,485700
2022-01-07,18.375730514526367,18.375730514526367,18.226670711874895,18.226670711874895,215300
2022-01-10,18.359163284301758,18.44197444016902,18.268070854898628,18.400568072489676,770300
2022-01-11,18.665569305419922,18.68213027763012,18.42541704421562,18.42541704421562,2972400
2022-01-12,18.889158248901367,18.905720801316704,18.73181873943147,18.814628342524287,891000
2022-01-13,18.75666046142578,18.880876442065976,18.75666046142578,18.831190365708277,630200
2022-01-14,18.748374938964844,18.773218761262537,18.624158986459424,18.624158986459424,277900
2022-01-18,18.425416946411133,18.508228124990005,18.36744959525348,18.49994684918293,364200
2022-01-19,18.673847198486328,18.74837709445655,18.65728622787539,18.740095819405227,422300
2022-01-20,18.69040870666504,18.9636844501578,18.69040870666504,18.905717107521703,280400
2022-01-21,18.49994659423828,18.74837854705944,18.49994659423828,18.74837854705944,297500
2022-01-24,18.259794235229492,18.259794235229492,17.903708859380348,18.234951987781777,1219800
2022-01-25,18.392288208007812,18.458538401370266,18.110732783675125,18.218386188906017,458500
2022-01-26,18.27635955810547,18.541354101012644,18.22667347618339,18.524793126699997,299000
2022-01-27,18.359163284301758,18.541346563616592,18.3011959490421,18.47509795482107,473100
2022-01-28,18.367446899414062,18.37572817400567,18.226668390339977,18.37572817400567,652000
2022-01-31,18.798065185546875,18.82290743179165,18.533069116165873,18.533069116165873,279400
2022-02-01,18.89743995666504,18.91400250945861,18.748380140506836,18.83947260137951,280800
2022-02-02,18.856033325195312,18.922281950451712,18.748378321971277,18.897438123671133,355600
2022-02-03,18.698692321777344,18.764940947295482,18.62416242063296,18.649006247511696,228500
2022-02-04,18.7814998626709,18.839467201340998,18.640721363261438,18.640721363261438,224500
2022-02-07,18.872596740722656,18.955406341466865,18.78978556048656,18.78978556048656,213200
2022-02-08,19.104463577270508,19.104463577270508,18.947122513959613,18.955403788817204,150900
2022-02-09,19.311492919921875,19.311492919921875,19.16243311441264,19.20383949343846,238800
2022-02-10,19.27008819580078,19.50195760128535,19.220400540775348,19.220400540775348,439900
2022-02-11,19.121023178100586,19.452266223860875,19.079618389689838,19.328050279137198,990600
2022-02-14,19.01337432861328,19.071343262358372,18.88087706760839,19.071343262358372,927100
2022-02-15,19.27836799621582,19.29492896713165,19.13758947673496,19.154150447650785,393000
2022-02-16,19.49367904663086,19.568207374550205,19.31149412651793,19.319775402840513,471500
2022-02-17,19.187274932861328,19.286648652626702,19.154149833108974,19.286648652626702,853900
2022-02-18,19.096181869506836,19.195555586053484,19.063058350319046,19.17899303671377,418100
2022-02-22,18.814626693725586,18.880875318089373,18.649005922562015,18.764940620325692,665300
2022-02-23,18.54962921142578,18.789781423283685,18.49994314602094,18.789781423283685,583500
2022-02-24,17.83746337890625,17.862305630734298,17.348879086054655,17.489657637884644,6312700
2022-02-25,18.152141571044922,18.16870412303161,17.911989305713586,18.01964431413518,966600
2022-02-28,17.75465202331543,17.82918193709528,17.390283731446385,17.473094922256454,820000
2022-03-01,17.564186096191406,17.713245926174764,17.39856529137043,17.55590639851866,2261600
2022-03-02,17.473093032836914,17.50621655788394,17.2246594872706,17.38200057484674,1789800
2022-03-03,17.11700439453125,17.439966234968445,17.034193220716343,17.439966234968445,2498300
2022-03-04,16.95966339111328,16.992788492570487,16.694668897422726,16.8188848689037,2310600
2022-03-07,16.330303192138672,16.719515296702976,16.297179665075422,16.65326666308446,1946200
2022-03-08,16.413110733032227,16.51248445113117,16.272332220428865,16.396548183433794,1780400
2022-03-09,16.736072540283203,16.760916364662357,16.42967327039861,16.760916364662357,754900
2022-03-10,16.678104400634766,16.702948223828805,16.48763982795522,16.50420237675125,1504100
2022-03-11,16.413110733032227,16.74435382754259,16.396548183433794,16.736072552743373,975500
2022-03-14,16.148117065429688,16.413111554297547,16.114991964575335,16.35514420729417,1046400
2022-03-15,15.990777015686035,16.023902118654018,15.800312412095664,15.883123590023779,1715300
2022-03-16,16.818883895874023,16.835446445644425,16.37170610851491,16.454517277875247,1144300
2022-03-17,16.852012634277344,16.868575187624106,16.64498545591888,16.64498545591888,3504500
2022-03-18,17.092159271240234,17.10044054594235,16.727792661296984,16.810602249334856,1005700
2022-03-21,16.973472595214844,16.973472595214844,16.8323727649699,16.940271890170504,1301000
2022-03-22,17.239070892333984,17.28887036388365,17.189269837687664,17.189269837687664,631400
2022-03-23,17.21417236328125,17.34697202489389,17.073072524930712,17.156072709212825,636300
2022-03-24,17.305471420288086,17.322071772512995,17.172671768682253,17.297171244175633,309100
2022-03-25,17.297168731689453,17.297168731689453,17.1560689244665,17.19756821590411,571000
2022-03-28,17.280574798583984,17.405074302223067,17.131174760978254,17.131174760978254,1135300
2022-03-29,17.45487403869629,17.47977298766656,17.371873848235808,17.371873848235808,686900
2022-03-30,17.446569442749023,17.554468554852797,17.42996909224181,17.45486961800263,373200
2022-03-31,17.280574798583984,17.429974836189714,17.280574798583984,17.429974836189714,333900
2022-04-01,17.612567901611328,17.73706894521998,17.504668791326566,17.60426772649765,550300
2022-04-04,17.878171920776367,17.878171920776367,17.77027120829435,17.82007068469546,662500
2022-04-05,17.554468154907227,17.81176724952073,17.52956921281024,17.81176724952073,393600
2022-04-06,17.438274383544922,17.53787334961548,17.346974012066056,17.4880738665802,395400
2022-04-07,17.32206916809082,17.371868634181336,17.2058683030843,17.338667934723336,576600
2022-04-08,17.413368225097656,17.479768042059938,17.346968408135375,17.38016910816477,367700
2022-04-11,17.21417236328125,17.31377290103915,17.19757200980546,17.288872370825466,670700
2022-04-12,17.114572525024414,17.313772007159052,17.114572525024414,17.313772007159052,282400
2022-04-13,17.27227020263672,17.305470906100066,17.18097143430587,17.18097143430587,397100
2022-04-14,17.14776611328125,17.239066440123366,17.12286559238897,17.239066440123366,546300
2022-04-18,17.089670181274414,17.147769826173416,17.014970185519527,17.039870711803353,1157900
2022-04-19,16.95687484741211,16.973475202484234,16.865574477612416,16.940274492339984,1906900
2022-04-20,16.848974227905273,16.94857477586388,16.824075278238375,16.94857477586388,1578600
2022-04-21,16.558473587036133,16.882172551722405,16.516972704963035,16.882172551722405,1594900
2022-04-22,16.350975036621094,16.61657436754297,16.334374682664254,16.533574180855663,1629800
2022-04-25,16.16007423400879,16.417374972668362,15.969174911594447,16.085374223829803,3486400
2022-04-26,15.786571502685547,16.077071287914716,15.769971153107544,16.077071287914716,1096900
2022-04-27,15.977477073669434,16.085376222279546,15.877876520024099,15.902777054209706,1849700
2022-04-28,16.226472854614258,16.251373383845497,15.977473894688984,16.16007302642773,1902400
2022-04-29,16.201576232910156,16.541875599075738,16.184975877707686,16.4588754061604,1755500
2022-05-02,16.093671798706055,16.168371796806944,15.919372858535073,16.151771445429713,1873700
2022-05-03,16.276273727416992,16.30947284958317,16.20157372367214,16.209873899987876,1090900
2022-05-04,16.500370025634766,16.525270551367733,16.068771994605928,16.126871638219622,986500
2022-05-05,15.927671432495117,16.176670345727,15.769971276463469,16.143471229407776,932300
2022-05-06,15.711873054504395,15.844672697967253,15.603972354755433,15.769972700632318,2037300
2022-05-09,15.338376998901367,15.529276337417727,15.296877693344603,15.446277726304201,3036800
2022-05-10,15.354976654052734,15.512676857550696,15.230477159963591,15.504376680198492,1241100
2022-05-11,15.280275344848633,15.53757448855403,15.27197516820048,15.43797553496986,1003800
2022-05-12,15.205575942993164,15.330075431474404,15.039577152717142,15.130875933285044,2922300
2022-05-13,15.562474250793457,15.570774427032157,15.330074065400114,15.330074065400114,809600
2022-05-16,15.587376594543457,15.645476251882878,15.496076228383261,15.504376405588456,736000
2022-05-17,15.927671432495117,15.960870548814345,15.803171975879177,15.94427019910649,746500
2022-05-18,15.595677375793457,15.861276724258992,15.57077684321344,15.811475659098962,646200
2022-05-19,15.81147289276123,15.877872718260457,15.620573592338038,15.620573592338038,1161900
2022-05-20,15.919374465942383,16.018973418069155,15.73677374854863,15.977474118532466,1445800
2022-05-23,16.11857032775879,16.143470851738034,15.99407087405546,16.0438703389175,1656400
2022-05-24,15.894474983215332,15.935975868582181,15.745074962088482,15.911075337362071,1261900
2022-05-25,15.952574729919434,16.002375792641516,15.82807523930806,15.82807523930806,461200
2022-05-26,16.243074417114258,16.267974948199928,15.95257455350237,15.95257455350237,545700
2022-05-27,16.350975036621094,16.367573807481048,16.251374495976947,16.29287379777216,545600
2022-05-31,16.442270278930664,16.616570791775473,16.433970103738382,16.583370091006348,801200
2022-06-01,16.33437156677246,16.550171377755436,16.284572097498415,16.550171377755436,574300
2022-06-02,16.558473587036133,16.558473587036133,16.33437357313174,16.417373754181156,681200
2022-06-03,16.33437156677246,16.442270680715655,16.309471040587148,16.433970505320552,348600
2022-06-06,16.367572784423828,16.566772270164247,16.334373661682154,16.55847367680142,399500
2022-06-07,16.409074783325195,16.425675137374046,16.243074409030474,16.292873888080134,602100
2022-06-08,16.384174346923828,16.483774888695557,16.350975221731186,16.42567523228576,513800
2022-06-09,16.060470581054688,16.301169312195253,16.052170406450333,16.267970196874266,882100
2022-06-10,15.894474983215332,15.944274462558646,15.80317620160207,15.944274462558646,2369900
2022-06-13,15.404773712158203,15.579074242946042,15.305174765790904,15.496074065575487,4837800
2022-06-14,15.545869827270508,15.61226963669503,15.446270904681889,15.520970888171519,2697500
2022-06-15,15.803174018859863,15.902772963789838,15.579074018122393,15.686973138979312,830600
2022-06-16,15.305173873901367,15.396472638901619,15.230473876930585,15.371573695309104,3148700
2022-06-17,15.296875,15.454575182923838,15.222174996672749,15.454575182923838,935400
2022-06-21,15.517339706420898,15.6190934695396,15.50038209366878,15.525819321457558,1963500
2022-06-22,15.288396835327148,15.39014898289243,15.203602300808598,15.271437604959194,1929300
2022-06-23,15.27143669128418,15.407107291468334,15.169682932485498,15.330792376699605,1324700
2022-06-24,15.50037956237793,15.50037956237793,15.322310910330021,15.347749751285702,1406400
2022-06-27,15.585171699523926,15.644528992174648,15.551254863901509,15.593651312759743,809800
2022-06-28,15.517339706420898,15.797160533345826,15.50038209366878,15.703888002584982,361200
2022-06-29,15.483420372009277,15.568214891409559,15.449501917320791,15.551255664065316,407200
2022-06-30,15.407106399536133,15.432545242093406,15.22903773627729,15.305352646628075,462500
2022-07-01,15.339269638061523,15.339269638061523,15.135763769006683,15.279913961752305,691200
2022-07-05,15.118806838989258,15.118806838989258,14.898341709691579,15.017053080343743,3051100
2022-07-06,14.99161434173584,15.034010793458373,14.87290298305598,14.99161434173584,749500
2022-07-07,15.31383228302002,15.364709968208343,15.169682076295182,15.169682076295182,432400
2022-07-08,15.296875,15.381667909156922,15.245997313720562,15.288395385620094,530500
2022-07-11,14.923782348632812,15.025534502195386,14.89834350158151,15.025534502195386,2858400
2022-07-12,14.872904777526855,14.940740078860065,14.79658986136185,14.847465933031469,670100
2022-07-13,14.822023391723633,14.898338288854674,14.652435989348573,14.703312048329016,1210000
2022-07-14,14.576125144958496,14.610041987935434,14.474371381385273,14.610041987935434,3687200
2022-07-15,14.610042572021484,14.61852218743502,14.423495884887478,14.55916649686153,732700
2022-07-18,14.745711326599121,14.932259607556437,14.728753715229328,14.855944695768638,1462600
2022-07-19,14.949216842651367,14.98313529917935,14.881381546916424,14.88986116104842,420400
2022-07-20,14.864424705505371,14.923780390181165,14.80506740350847,14.898341546468206,586900
2022-07-21,14.923782348632812,14.93226196431658,14.78811173233517,14.805069346381384,809000
2022-07-22,14.830507278442383,14.966177886369627,14.771151589639366,14.94074065820903,1182400
2022-07-25,15.000094413757324,15.000094413757324,14.889861048197863,14.889861048197863,610900
2022-07-26,14.915301322937012,15.059451541291242,14.89834209317271,15.034012696644789,458900
2022-07-27,15.186643600463867,15.220562062383554,14.991617296389517,15.034013756467843,542400
2022-07-28,15.245999336242676,15.262958567252287,15.0424934160912,15.245999336242676,679100
2022-07-29,15.195122718811035,15.203602334013533,15.067931725416033,15.135767029714783,404900
2022-08-01,15.084890365600586,15.186642509406882,15.000095834214564,15.06793113585915,596300
2022-08-02,14.9576997756958,15.110329629296187,14.889864464909115,14.940742160990167,547600
2022-08-03,15.025534629821777,15.050973477089158,14.906823243883338,14.94921970534097,324300
2022-08-04,15.152722358703613,15.186639193459705,15.084887071870615,15.093365067569028,466700
2022-08-05,15.220559120178223,15.220559120178223,15.042490464163938,15.042490464163938,461300
2022-08-08,15.296875,15.356230683338275,15.262956542480374,15.262956542480374,413400
2022-08-09,15.305354118347168,15.381669036036177,15.279916890664959,15.305354118347168,340600
2022-08-10,15.50886058807373,15.542777428448419,15.398627217883561,15.407106832307504,318700
2022-08-11,15.542777061462402,15.712366111294859,15.525817833014948,15.602132743707449,556300
2022-08-12,15.746286392211914,15.746286392211914,15.542780458329469,15.542780458329469,373300
2022-08-15,15.644530296325684,15.678447134775457,15.551256160277076,15.619091454497612,368000
2022-08-16,15.703888893127441,15.720848124162488,15.627573970791017,15.636053586308542,239100
2022-08-17,15.63604736328125,15.71236225524493,15.593649302567737,15.627567751138548,475800
2022-08-18,15.568215370178223,15.593652594655921,15.500380076036048,15.576694984111118,220200
2022-08-19,15.407106399536133,15.491900924072674,15.373187942793102,15.457982467329643,251400
2022-08-22,15.36470890045166,15.390146123957047,15.305351605190266,15.34774967323412,399200
2022-08-23,15.50886058807373,15.551257042872361,15.398627217883561,15.407106832307504,251200
2022-08-24,15.525818824768066,15.619092969866157,15.398627837929581,15.424066682225737,189500
2022-08-25,15.839557647705078,15.839557647705078,15.619092522088925,15.70388704999069,171600
2022-08-26,15.66148853302002,15.95826856359519,15.66148853302002,15.949788949313493,279300
2022-08-29,15.619091987609863,15.72084574107423,15.619091987609863,15.6360512160741,386200
2022-08-30,15.381667137145996,15.66148792835433,15.364709526558363,15.653008314400017,274600
2022-08-31,15.390146255493164,15.551255680794922,15.38166664181192,15.491900002347153,308800
2022-09-01,15.34775161743164,15.347751617431639,15.186642173098088,15.31383315869989,486700
2022-09-02,15.288396835327148,15.441025056675072,15.279917220143172,15.330793293925813,535500
2022-09-06,15.262956619262695,15.398627215381566,15.237517775995002,15.356230760589824,439200
2022-09-07,15.339269638061523,15.381666087619283,15.144243382382411,15.178160218564445,354300
2022-09-08,15.288396835327148,15.313834063557858,15.19512268562462,15.24599875940726,230300
2022-09-09,15.568215370178223,15.585172980723026,15.466461620304468,15.466461620304468,661200
2022-09-12,15.805638313293457,15.814117927345603,15.695406565257581,15.695406565257581,310600
2022-09-13,15.254478454589844,15.54277890307211,15.254478454589844,15.483423213794214,635300
2022-09-14,15.296875,15.356230683338275,15.254476928100468,15.296875,260000
2022-09-15,15.186643600463867,15.296876984381566,15.144247140385541,15.245999291502036,349800
2022-09-16,15.000094413757324,15.042490866774955,14.932259118536507,14.96617595748641,777700
2022-09-19,15.05124568939209,15.05124568939209,14.869173315441047,14.895184127058343,2679200
2022-09-20,14.990556716918945,15.051246962139645,14.938535089285356,14.94720536055762,358000
2022-09-21,14.80848503112793,15.01656659049285,14.782474216075352,14.93853579902035,463600
2022-09-22,14.83449935913086,14.877849074132213,14.739128001705133,14.799818264181276,1950100
2022-09-23,14.487691879272461,14.600403759704575,14.409662739946345,14.574392944139026,4037200
2022-09-26,14.227590560913086,14.383652149377044,14.18424085464434,14.383652149377044,3672700
2022-09-27,14.201580047607422,14.348971367221802,14.132219523888025,14.296951387853587,2848500
2022-09-28,14.270938873291016,14.314290229010783,14.062857326891534,14.097538411467346,3863200
2022-09-29,13.993497848510742,14.062858369117682,13.872117350869912,14.062858369117682,3648800
2022-09-30,14.028178215026855,14.14955870643235,13.993497129662332,13.993497129662332,644300
2022-10-03,14.43567180633545,14.461682621728938,14.210249700647642,14.236260516041131,814200
2022-10-04,14.721785545349121,14.808486617795472,14.643754745515947,14.695776381195005,531500
2022-10-05,14.76513957977295,14.799819022814562,14.635087120731198,14.704447660500133,404000
2022-10-06,14.669763565063477,14.773805168563795,14.66109329363135,14.678433836495602,534100
2022-10-07,14.444342613220215,14.574393387634847,14.400992906310442,14.51370313648704,822600
2022-10-10,14.331631660461426,14.44434188495532,14.288280302052055,14.383651636867436,1056700
2022-10-11,14.114880561828613,14.262271880697483,14.08019947330167,14.201579975775333,508900
2022-10-12,14.05418872833252,14.14088979640519,14.019509293314648,14.06285900050832,734200
2022-10-13,14.166900634765625,14.253601702971913,13.7680772093335,13.7680772093335,1025900
2022-10-14,13.898128509521484,14.270940283439172,13.880787965520115,14.270940283439172,436500
2022-10-17,14.25360107421875,14.322961594987092,14.158229738030311,14.158229738030311,651300
2022-10-18,14.279610633850098,14.383652244744322,14.184240948689471,14.348971156551146,492400
2022-10-19,14.123550415039062,14.23626064203787,14.088869327540802,14.123550415039062,396300
2022-10-20,14.28827953338623,14.435670836678419,14.236259559778736,14.236259559778736,1763800
2022-10-21,14.565722465515137,14.574392737247239,14.262271223317722,14.262271223317722,363800
2022-10-24,13.932809829711914,14.07153089312885,13.811429312643476,14.07153089312885,5333400
2022-10-25,13.906798362731934,13.993497772757323,13.88078754751317,13.94147779600504,9164900
2022-10-26,13.97615909576416,14.097539594596038,13.837437226346445,13.837437226346445,506500
2022-10-27,13.915467262268066,14.036849415392368,13.889458100208435,13.889458100208435,1411900
2022-10-28,13.83743667602539,13.84610694755217,13.716055355178268,13.716055355178268,3130300
2022-10-31,13.724726676940918,13.759406938859222,13.568665084887215,13.577335357077457,3168200
2022-11-01,13.958818435668945,14.028178956378339,13.854776827762226,13.976158979267607,476000
2022-11-02,13.820097923278809,14.106211132828529,13.802758204821597,13.950149532500083,855600
2022-11-03,13.932809829711914,13.967490922408908,13.716057961412263,13.768078773614993,787000
2022-11-04,14.479023933410645,14.487692551983072,14.331632612399206,14.4616833888951,987600
2022-11-07,14.392325401306152,14.565725915969097,14.392325401306152,14.496365379366791,466300
2022-11-08,14.487691879272461,14.53971351040356,14.348970836960063,14.400992468091163,381700
2022-11-09,14.166900634765625,14.409663295006164,14.158230362576463,14.366311934060356,347100
2022-11-10,14.487691879272461,14.51370269483801,14.357641108815246,14.392322196235979,389800
2022-11-11,14.825825691223145,14.869175396300175,14.600403586715045,14.643753291792073,578200
2022-11-14,14.825825691223145,14.92119537312966,14.765135442641203,14.843166234728056,445700
2022-11-15,15.103266716003418,15.207308316069348,15.01656565822933,15.207308316069348,335300
2022-11-16,14.851836204528809,14.999227530364816,14.834497313131052,14.999227530364816,480700
2022-11-17,14.895185470581055,14.903855741902198,14.626413674366257,14.626413674366257,494500
2022-11-18,14.79114818572998,14.86917899671115,14.73045792245255,14.86917899671115,272600
2022-11-21,14.756464958190918,14.756464958190918,14.643753080718858,14.695774710483757,307800
2022-11-22,14.851836204528809,14.860506477070386,14.747796241400685,14.747796241400685,308500
2022-11-23,14.964547157287598,14.990557973284371,14.825826112675397,14.869175818984724,271700
2022-11-25,14.990556716918945,15.059917233411909,14.973216174374416,14.973216174374416,151000
2022-11-28,14.929864883422852,15.051247028081198,14.895185451867013,14.903855723177262,412900
2022-11-29,15.311347007751465,15.346028089493187,15.250656768388446,15.250656768388446,257200
2022-11-30,15.666825294494629,15.710176661800284,15.441403145561939,15.536774499948807,463600
2022-12-01,15.545438766479492,15.675489510772259,15.510757686036122,15.666819240661416,499300
2022-12-02,15.588794708251953,15.658155243239731,15.42406447120948,15.432733091108055,800800
2022-12-05,15.467411041259766,15.675492603924686,15.450070497616375,15.632142898501469,304700
2022-12-06,15.510763168334961,15.588793973227695,15.458743182968313,15.528103714685685,266900
2022-12-07,15.406722068786621,15.450071777801776,15.346031814691246,15.398051796246511,774500
2022-12-08,15.467411041259766,15.580121267571291,15.441400225794679,15.528101290326378,298200
2022-12-09,15.432730674743652,15.562783104457802,15.424062056202358,15.484752308103447,299900
2022-12-12,15.363372802734375,15.372043076457723,15.215981456808711,15.372043076457723,373300
2022-12-13,15.41539192199707,15.62347349624329,15.380710832780023,15.606132951634768,353900
2022-12-14,15.38937759399414,15.450067832592127,15.294006274091606,15.36336678301573,455400
2022-12-15,15.137947082519531,15.36336918519057,15.137947082519531,15.33736002383041,268500
2022-12-16,15.163960456848145,15.26800208090401,15.163960456848145,15.23332098832355,256300
2022-12-19,15.253841400146484,15.341106274222003,15.227663103031153,15.227663103031153,250900
2022-12-20,15.28874683380127,15.349831741600836,15.218935272824782,15.218935272824782,195400
2022-12-21,15.428372383117676,15.428372383117676,15.262569275547934,15.31492753840816,333600
2022-12-22,15.314923286437988,15.506906304356079,15.210206789790579,15.367283199200397,230600
2022-12-23,15.341105461120605,15.410917023793097,15.306200512003834,15.349832114509535,369800
2022-12-27,15.576719284057617,15.620350884251739,15.393462901476827,15.393462901476827,478800
2022-12-28,15.367283821105957,15.559265182354723,15.367283821105957,15.51563358439234,375100
2022-12-29,15.58544921875,15.61162751860319,15.515637645076149,15.515637645076149,335700
2022-12-30,15.376014709472656,15.576722778494045,15.376014709472656,15.428372974339274,324600
2023-01-03,15.454549789428711,15.629079541464751,15.437098145776362,15.567994627583857,200900
2023-01-04,15.873418807983398,15.873418807983398,15.611624213796054,15.655257478380038,415600
2023-01-05,15.821063041687012,15.847243007306625,15.663988241287212,15.663988241287212,274300
2023-01-06,16.161392211914062,16.178845518304293,15.890870956182244,15.951957528548045,195200
2023-01-09,16.178848266601562,16.301018103208307,16.178848266601562,16.231206530227425,257000
2023-01-10,16.309741973876953,16.34464692218966,16.178845504936213,16.25738205474953,133800
2023-01-11,16.43191146850586,16.44936477454058,16.292288349105824,16.292288349105824,176700
2023-01-12,16.545352935791016,16.597712848537267,16.362098234495246,16.492994687483467,354200
2023-01-13,16.641347885131836,16.65007453906035,16.492998097225215,16.492998097225215,114600
2023-01-17,16.5889892578125,16.59771591154733,16.527904346107718,16.562809296608016,227400
2023-01-18,16.50172233581543,16.77224191024749,16.50172233581543,16.77224191024749,205900
2023-01-19,16.65007209777832,16.684978708374263,16.545353930429297,16.545353930429297,179300
2023-01-20,16.833330154418945,16.850781797019707,16.684980373459165,16.754791937179125,140000
2023-01-23,16.911867141723633,17.034038629701644,16.859508883698208,16.876962191186355,347500
2023-01-24,16.97295570373535,16.97295570373535,16.859510856228585,16.88569082052381,224100
2023-01-25,17.016584396362305,17.016584396362305,16.824603017755205,16.90314123273968,207600
2023-01-26,17.103849411010742,17.12130271769866,17.007857888666123,17.12130271769866,420400
2023-01-27,16.96422576904297,17.042763982304564,16.938045809809477,17.042763982304564,143600
2023-01-30,16.684978485107422,16.79842163914861,16.684978485107422,16.763515029019764,208700
2023-01-31,16.71116065979004,16.73734062346753,16.60644413395841,16.684982360551714,159300
2023-02-01,16.807147979736328,16.87695953425952,16.62389160883873,16.772241370255358,197400
2023-02-02,16.641347885131836,16.824604288752507,16.606442933856833,16.824604288752507,938900
2023-02-03,16.388280868530273,16.597715560418457,16.35337425432942,16.58898890686824,304300
2023-02-06,16.231204986572266,16.25738328367594,16.10030850773681,16.13521345868805,407600
2023-02-07,16.196298599243164,16.283563474508593,16.082855426505443,16.196298599243164,243200
2023-02-08,16.231204986572266,16.239931640419833,16.126486804840482,16.205025025029563,150900
2023-02-09,16.21375274658203,16.37955585172619,16.18757278331533,16.37955585172619,259700
2023-02-10,16.074129104614258,16.16139398168251,16.065402450463523,16.143940673381042,210100
2023-02-13,16.25738525390625,16.29229187352685,16.152668723922915,16.152668723922915,168000
2023-02-14,16.25738525390625,16.370830103233967,16.205026988914582,16.213753643819732,168600
2023-02-15,16.239931106567383,16.248657760128083,16.109032967595887,16.14393958183868,155700
2023-02-16,16.266111373901367,16.318471301610415,16.11776157427076,16.135214883507107,175000
2023-02-17,16.135215759277344,16.161395724552836,16.074130838073796,16.126489104185513,221500
2023-02-21,16.030494689941406,16.196296096441596,16.00431473207563,16.03921967812453,151200
2023-02-22,15.969408988952637,16.039220549280998,15.925777387911994,15.951957347199713,348700
2023-02-23,16.021772384643555,16.135215570632496,15.943234154174576,16.135215570632496,213600
2023-02-24,15.681436538696289,15.751248101001957,15.602898323047548,15.69888984538244,440100
2023-02-27,15.768705368041992,15.803611990181189,15.707620443737753,15.707620443737753,218900
2023-02-28,15.611627578735352,15.725072426666827,15.611627578735352,15.672712497880354,271300
2023-03-01,15.960685729980469,15.978137373624655,15.890872497647448,15.934505767855587,227500
2023-03-02,15.995590209960938,16.03922181444321,15.882147039643622,15.899598682773117,964200
2023-03-03,16.135215759277344,16.143942414369175,16.039224217706472,16.065404182981965,381800
2023-03-06,16.15266990661621,16.239934797617988,16.07413167115855,16.07413167115855,229400
2023-03-07,15.951958656311035,16.11776008542322,15.925778694874834,16.091581788426048,232100
2023-03-08,16.082855224609375,16.109033521753037,16.004317004300322,16.013043658161223,220900
2023-03-09,15.742524147033691,15.960685501636004,15.725070839200134,15.925778885968892,588900
2023-03-10,15.63780689239502,15.7774300344704,15.629080237960416,15.672711845694293,1594700
2023-03-13,15.58544921875,15.71634571133357,15.533089290165206,15.541815944929338,423100
2023-03-14,15.576719284057617,15.663984148884717,15.541812672351236,15.567992631131023,345500
2023-03-15,15.393465995788574,15.410919305150136,15.227664550171315,15.31492776810074,1050200
2023-03-16,15.58544921875,15.602900863839057,15.306202924054595,15.349834533436049,357600
2023-03-17,15.533088684082031,15.629080218302802,15.472003767555774,15.576721956200174,257000
2023-03-20,15.548029899597168,15.591975044272418,15.45134856963184,15.460137933846854,317900
2023-03-21,15.62713623046875,15.653502653006187,15.548033610056011,15.556822976368561,177400
2023-03-22,15.6798677444458,15.917175560166871,15.671078379819106,15.671078379819106,353800
2023-03-23,15.829282760620117,16.101746344167104,15.750180159525861,15.86443854088434,289400
2023-03-24,15.767762184143066,15.77655155014651,15.662291468501909,15.75018345213618,228900
2023-03-27,15.715021133422852,15.715021133422852,15.627130853339882,15.627130853339882,158100
2023-03-28,15.943543434143066,15.961122165002331,15.855653132646834,15.855653132646834,104500
2023-03-29,16.005069732666016,16.031437832936742,15.855655526999456,15.91717941789752,319500
2023-03-30,16.207216262817383,16.224793313909153,16.10174557426815,16.154480080342903,876200
2023-03-31,16.136899948120117,16.242368940131698,16.09295313778246,16.242368940131698,197400
2023-04-03,16.180850982666016,16.198429713211446,16.040224491102595,16.101748371611592,100800
2023-04-04,16.224790573120117,16.224790573120117,16.145689665570046,16.207213524997567,709700
2023-04-05,16.084165573120117,16.224792029116827,16.013852345121762,16.224792029116827,133700
2023-04-06,16.119327545166016,16.16327269633733,15.890809070995063,16.031435566423333,138600
2023-04-10,16.128114700317383,16.128114700317383,16.066590826549387,16.075380190859075,223400
2023-04-11,16.36542320251465,16.400578984846632,16.303897649733848,16.303897649733848,180500
2023-04-12,16.277530670166016,16.646675592108004,16.277530670166016,16.47968102169619,120000
2023-04-13,16.444522857666016,16.479680313673743,16.382998986052264,16.382998986052264,301500
2023-04-14,16.356632232666016,16.435734830650087,16.3126854135639,16.41815610300924,128700
2023-04-17,16.48847007751465,16.51483817015986,16.435735568624036,16.453312620654366,229400
2023-04-18,16.497262954711914,16.54999747483199,16.444526758191667,16.54999747483199,189800
2023-04-19,16.277530670166016,16.31268645128438,16.233583848268253,16.286320034545568,117500
2023-04-20,16.251161575317383,16.347842901133248,16.224793483804035,16.27752966683073,99800
2023-04-21,16.110538482666016,16.119327848345606,16.031435867949806,16.08417038562725,120200
2023-04-24,16.09295654296875,16.11053527082338,16.049011399731928,16.066590127586558,84500
2023-04-25,15.838072776794434,15.98748862096796,15.829283412266594,15.98748862096796,104300
2023-04-26,15.908387184143066,15.987489794299137,15.890808453797273,15.961121698780449,104000
2023-04-27,16.119327545166016,16.1720620618516,16.005067469880508,16.031435566423333,205300
2023-04-28,16.25995635986328,16.25995635986328,16.110540477608524,16.110540477608524,211300
2023-05-01,16.18964195251465,16.286323303696715,16.101749967476422,16.101749967476422,82000
2023-05-02,15.943543434143066,16.189640636972634,15.917177014254214,16.189640636972634,1126700
2023-05-03,15.91717529296875,16.031433678397963,15.890807199531304,15.890807199531304,235000
2023-05-04,16.180850982666016,16.216008443756877,16.101748371611592,16.136905832702453,301200
2023-05-05,16.400577545166016,16.435735000811697,16.216005932225443,16.216005932225443,107200
2023-05-08,16.54120635986328,16.60273023956522,16.523627629548447,16.523627629548447,137400
2023-05-09,16.47089385986328,16.497261956527975,16.409369977379065,16.426948708488858,139300
2023-05-10,16.41815948486328,16.43573821612504,16.312688773692816,16.42694885049416,243100
2023-05-11,16.391788482666016,16.391788482666016,16.154480681893315,16.23358328215088,106700
2023-05-12,16.180850982666016,16.24237486317501,16.14569519797517,16.24237486317501,117900
2023-05-15,16.462099075317383,16.470888437979,16.295106213945207,16.382996487762345,205900
2023-05-16,16.31268882751465,16.426948904692978,16.31268882751465,16.330267558834404,253900
2023-05-17,16.303897857666016,16.330265952051214,16.21600756251519,16.224795250910336,314500
2023-05-18,16.26874542236328,16.286324155570437,16.198432165934925,16.21601089914208,171700
2023-05-19,16.233583450317383,16.242372814481474,16.172059577568557,16.224794086153295,231400
2023-05-22,16.251161575317383,16.339053537295467,16.251161575317383,16.259950939155164,1961900
2023-05-23,15.99627685546875,16.154480376594254,15.99627685546875,16.10174586955242,140500
2023-05-24,15.855652809143066,15.996279300347881,15.846863443892763,15.996279300347881,145800
2023-05-25,15.776546478271484,15.934749986273419,15.758967751915844,15.934749986273419,118100
2023-05-26,16.013853073120117,16.049010526917368,15.873226610730454,15.890805337629077,155300
2023-05-30,15.829282760620117,15.97869859864262,15.776548252023881,15.97869859864262,253200
2023-05-31,15.697447776794434,15.715024831107058,15.583187703562206,15.671079680725452,339600
2023-06-01,15.978699684143066,15.978699684143066,15.644710528744742,15.644710528744742,234300
2023-06-02,16.286319732666016,16.330264877349375,16.16327031003294,16.189638402682842,361800
2023-06-05,16.31268882751465,16.321478193174524,16.23358621297583,16.24237557863571,150900
2023-06-06,16.48847007751465,16.52362585797512,16.26874100133732,16.26874100133732,92700
2023-06-07,16.497262954711914,16.637889459298894,16.47089485645179,16.558786840918696,117800
2023-06-08,16.65546417236328,16.65546417236328,16.479680245847668,16.479680245847668,139300
2023-06-09,16.743356704711914,16.78730353043451,16.576363796166014,16.576363796166014,148400
2023-06-12,16.72577476501465,16.743351813769223,16.690617314706504,16.72577476501465,104400
2023-06-13,16.81367301940918,16.90156501050223,16.796095962310805,16.81367301940918,153100
2023-06-14,16.97187614440918,17.007033607007273,16.840039012466505,16.875196475064598,255300
2023-06-15,17.103710174560547,17.138867630782766,16.9894517946379,16.9894517946379,172100
2023-06-16,17.06855583190918,17.10371161469173,17.01582131953539,17.06855583190918,75200
2023-06-20,16.745059967041016,16.86091114514835,16.727236185864708,16.816353391976914,162200
2023-06-21,16.798532485961914,16.81635627018886,16.72723904882375,16.745062833050696,109500
2023-06-22,16.682680130004883,16.718327699616385,16.638122367760186,16.655946152565935,146400
2023-06-23,16.459884643554688,16.62029527534371,16.415326890177443,16.5222678779599,149500
2023-06-26,16.504446029663086,16.575739463278,16.45097467962475,16.45097467962475,163600
2023-06-27,16.620296478271484,16.664855934643146,16.575738721669282,16.593562504217946,94200
2023-06-28,16.513357162475586,16.55791491902371,16.48662148868504,16.513357162475586,88900
2023-06-29,16.477710723876953,16.495534507622462,16.424241072410002,16.424241072410002,67500
2023-06-30,16.611385345458984,16.682678779139383,16.60247345377774,16.655944803865193,63900
2023-07-03,16.807443618774414,16.869825160980927,16.789619835352685,16.79853172706355,73400
2023-07-05,16.718326568603516,16.92329498069428,16.655945025773246,16.682679001403613,1344000
2023-07-06,16.308385848999023,16.477708370862977,16.272739986367803,16.424238727031483,285400
2023-07-07,16.531179428100586,16.611384750590002,16.36185859152913,16.36185859152913,110900
2023-07-10,16.52227020263672,16.52227020263672,16.39750541604127,16.39750541604127,118600
2023-07-11,16.629207611083984,16.638119501951845,16.486620756736997,16.55791418391049,73900
2023-07-12,16.905467987060547,16.950027437599413,16.825262675859822,16.825262675859822,122900
2023-07-13,17.163909912109375,17.163909912109375,16.99458737778628,17.021323051553967,76300
2023-07-14,17.021324157714844,17.11935156836126,17.003500374044744,17.074793808955576,112400
2023-07-17,16.985675811767578,17.012411486047192,16.83417705705542,16.923294271551306,154400
2023-07-18,16.852001190185547,16.932206514922,16.82526551535022,16.843089298573773,189200
2023-07-19,16.86091423034668,16.96785523720318,16.8252666614713,16.932207668327802,220000
2023-07-20,16.798532485961914,16.85200213887313,16.75397302539455,16.771796809621495,121400
2023-07-21,16.816354751586914,16.86982439966955,16.780707186352178,16.780707186352178,153900
2023-07-24,17.039146423339844,17.083704178775807,16.771794791415832,16.81635424662121,222300
2023-07-25,17.24411392211914,17.30649545639644,17.217378250384872,17.217378250384872,129100
2023-07-26,17.333234786987305,17.36888065705479,17.128264659962948,17.128264659962948,149900
2023-07-27,17.128263473510742,17.37779134577741,17.092617605912398,17.351055670251476,179700
2023-07-28,17.5560245513916,17.573846634055638,16.655943935734058,16.655943935734058,206500
2023-07-31,17.6629638671875,17.671875758414703,17.538200789545556,17.564934763457718,167700
2023-08-01,17.315410614013672,17.449085598367905,17.297586829494534,17.413439729099277,106000
2023-08-02,16.976764678955078,17.092617572907514,16.932206919600794,17.083705681082744,967900
2023-08-03,17.003498077392578,17.048055830779873,16.94111654274263,16.985674296129925,226200
2023-08-04,16.976764678955078,17.137175332261794,16.941118811425564,17.074793789257974,165900
2023-08-07,16.923294067382812,17.003499389484535,16.869824419238153,17.003499389484535,192600
2023-08-08,16.75397300720215,16.76288489930594,16.59356404864268,16.6826795701414,136400
2023-08-09,16.78070831298828,16.905471400147363,16.71832676940874,16.905471400147363,250100
2023-08-10,16.82526397705078,17.048056147667165,16.81635378602317,16.950028748439127,92500
2023-08-11,16.58465003967285,16.789618432589116,16.55791436677401,16.727236895594547,83800
2023-08-14,16.486623764038086,16.486623764038086,16.33512499118857,16.3796827538862,168200
2023-08-15,16.299476623535156,16.388592135275903,16.272740950151274,16.388592135275903,216400
2023-08-16,16.201448440551758,16.326211523886368,16.17471276565026,16.22818241568373,486200
2023-08-17,16.219270706176758,16.35294566863719,16.192535033776924,16.35294566863719,120800
2023-08-18,16.112329483032227,16.165799127288256,16.041036057434404,16.041036057434404,318500
2023-08-21,16.085596084594727,16.103419868455774,15.996480564828662,16.103419868455774,165200
2023-08-22,16.130155563354492,16.29056621875476,16.076685911477597,16.156889539408144,226800
2023-08-23,16.42424201965332,16.45097599704385,16.290567033391653,16.317301010782185,125800
2023-08-24,16.335124969482422,16.424242194528958,16.308389292037553,16.424242194528958,130800
2023-08-25,16.317298889160156,16.379680427986596,16.210359593963243,16.32621078038814,113500
2023-08-28,16.549001693725586,16.549001693725586,16.40641484454234,16.504443940769317,332700
2023-08-29,16.745059967041016,16.771793939036147,16.549001773640303,16.549001773640303,96100
2023-08-30,16.65594482421875,16.709414474602006,16.629209149142355,16.629209149142355,95200
2023-08-31,16.41533088684082,16.566829664886143,16.41533088684082,16.557917772087038,116900
2023-09-01,16.65594482421875,16.75397223329313,16.61138536575809,16.61138536575809,125800
2023-09-05,16.593563079833984,16.63812083798186,16.557915513500074,16.575739296667027,1219600
2023-09-06,16.55791664123535,16.70050351674335,16.513358880052714,16.59356420999717,102000
2023-09-07,16.344036102294922,16.513358652036278,16.317300426092725,16.513358652036278,88800
2023-09-08,16.37076759338379,16.522266320260375,16.361855703594674,16.442061011927525,79600
2023-09-11,16.549001693725586,16.566825474815822,16.468796378588845,16.504443940769317,131300
2023-09-12,16.477710723876953,16.522270183240725,16.37077142094305,16.37077142094305,166700
2023-09-13,16.486623764038086,16.540093419229184,16.43315410884699,16.43315410884699,153300
2023-09-14,16.64703369140625,16.68267956003021,16.575740254388712,16.575740254388712,71500
2023-09-15,16.549001693725586,16.6648545710428,16.53117791263535,16.62029511831721,99000
2023-09-18,16.52083396911621,16.548094961620087,15.693883686462122,16.539009119637296,105900
2023-09-19,16.484481811523438,16.548093097905316,16.46630839632687,16.520832108471687,2642300
2023-09-20,16.493568420410156,16.79345141957116,16.48448084670498,16.584442424184466,123300
2023-09-21,16.211864471435547,16.293650921193606,16.202776895542666,16.23912719911419,240800
2023-09-22,16.39361000061035,16.5480935671887,16.384522426115577,16.502657427992435,329300
2023-09-25,16.31182289123535,16.3209087320781,16.25729744651366,16.3209087320781,169300
2023-09-26,16.066465377807617,16.193687963094696,16.057377802676008,16.157339395845987,215600
2023-09-27,16.08464241027832,16.16642886275564,16.01194353399603,16.16642886275564,174000
2023-09-28,16.148250579833984,16.16642572870057,16.01194042988978,16.021026271045475,156300
2023-09-29,16.193687438964844,16.329997594971676,16.175512289289887,16.302736603736914,122200
2023-10-02,16.093727111816406,16.157340140670122,16.04829096734156,16.157340140670122,159100
2023-10-03,15.793842315673828,15.966502765599158,15.775668899848228,15.93015420067034,1184700
2023-10-04,15.748405456542969,15.793841593947112,15.684794170866153,15.775668178951978,970900
2023-10-05,15.812017440795898,15.821105015333725,15.693882438359388,15.821105015333725,229800
2023-10-06,16.021024703979492,16.07555014524595,15.766579577845732,15.802928138745944,406300
2023-10-09,16.01194190979004,16.021027751785493,15.857456596700976,15.88471758924285,164800
2023-10-10,16.29364776611328,16.311822914379633,16.111899750004845,16.111899750004845,215500
2023-10-11,16.35725975036621,16.39361004845139,16.275473312952172,16.375434899408802,80000
2023-10-12,16.193687438964844,16.39361061883403,16.148251298055122,16.3209100201342,109400
2023-10-13,16.175514221191406,16.302738550833304,16.166428378546442,16.230039676728452,172000
2023-10-16,16.302736282348633,16.320909698387652,16.175511970409676,16.193687119726334,142100
2023-10-17,16.24820899963379,16.320907855413544,16.157336729867176,16.157336729867176,1837900
2023-10-18,15.993762969970703,16.102810380857992,15.975587823730372,16.066461821654677,181200
2023-10-19,15.884716033935547,16.011940342025923,15.884716033935547,15.92106633146925,215000
2023-10-20,15.712058067321777,15.812017923735667,15.702970492506394,15.757494208121031,302000
2023-10-23,15.675707817077637,15.739319107706567,15.584833801917304,15.584833801917304,878900
2023-10-24,15.875627517700195,15.90289023923306,15.693881240646878,15.693881240646878,414900
2023-10-25,15.702966690063477,15.76657796509015,15.675703972218939,15.748402819860457,92600
2023-10-26,15.721141815185547,15.757492109606108,15.630269545689021,15.639355386016723,663900
2023-10-27,15.684793472290039,15.893802468284226,15.675705898558448,15.893802468284226,168700
2023-10-30,15.721141815185547,15.866539526312916,15.675705680437284,15.857453685985213,201200
2023-10-31,15.666620254516602,15.784756994300956,15.557572822860847,15.62118411353965,426400
2023-11-01,15.839280128479004,15.839280128479004,15.666619679207207,15.68479482824163,216500
2023-11-02,16.130077362060547,16.148252513103063,16.021028189083257,16.039203340125773,254900
2023-11-03,16.384519577026367,16.420868135407243,16.257295289500046,16.257295289500046,102200
2023-11-06,16.384519577026367,16.420868135407243,16.34816928536819,16.35725685828273,128700
2023-11-07,16.302736282348633,16.339084847704306,16.230037418359647,16.293648707690306,107600
2023-11-08,16.202775955200195,16.35726126985774,16.193688379834718,16.35726126985774,91800
2023-11-09,16.08464241027832,16.284563886735146,16.08464241027832,16.202777434257822,110400
2023-11-10,16.202775955200195,16.211863530565672,16.10281435945773,16.10281435945773,173900
2023-11-13,16.239124298095703,16.30273558470424,16.175511278209605,16.175511278209605,172700
2023-11-14,16.693492889404297,16.72075387938823,16.511744867549307,16.511744867549307,222600
2023-11-15,16.829801559448242,16.92067556238592,16.729839982889054,16.811626412205218,98100
2023-11-16,16.638967514038086,16.720753950894835,16.575356226100084,16.61170652393757,170000
2023-11-17,16.657140731811523,16.702576865563145,16.638965584999916,16.64805315840572,81100
2023-11-20,16.847980499267578,16.87524149299128,16.72984374887211,16.72984374887211,541500
2023-11-21,16.738929748535156,16.838891338184688,16.72075459891203,16.811628613749996,444000
2023-11-22,16.720752716064453,16.76619058500572,16.684404154188915,16.729840289852707,156900
2023-11-24,16.793453216552734,16.8298035152631,16.711666777732052,16.711666777732052,69600
2023-11-27,16.738929748535156,16.757104898158282,16.69349360775501,16.738929748535156,107900
2023-11-28,16.838891983032227,16.866152975233213,16.738930389554657,16.738930389554657,100500
2023-11-29,16.684406280517578,16.80254128826553,16.684406280517578,16.80254128826553,288700
2023-11-30,16.738929748535156,16.757104898158282,16.63896815888563,16.72075459891203,141100
2023-12-01,16.838891983032227,16.85706540007364,16.620795379035673,16.666231521555805,112800
2023-12-04,16.64805793762207,16.784368111285374,16.629882785592855,16.729844388475634,120500
2023-12-05,16.575355529785156,16.6117058260956,16.475393948208954,16.520831818597014,1013900
2023-12-06,16.529918670654297,16.675316382990115,16.529918670654297,16.675316382990115,245400
2023-12-07,16.629878997802734,16.648054145692193,16.55718013952241,16.575355287411867,1560500
2023-12-08,16.575355529785156,16.6117058260956,16.49356909636418,16.50265667044179,206000
2023-12-11,16.61170768737793,16.620795262473774,16.520833669697232,16.520833669697232,176900
2023-12-12,16.61170768737793,16.620795262473774,16.511746094601392,16.620795262473774,773800
2023-12-13,16.829801559448242,16.829801559448242,16.47539312131904,16.575354697878232,207800
2023-12-14,17.084251403808594,17.102426556068828,16.94794122841269,16.94794122841269,289500
2023-12-15,16.99337387084961,17.10242128424126,16.975198724191873,17.06607272420317,129600
2023-12-18,17.022724151611328,17.022724151611328,16.94017847191355,17.022724151611328,205300
2023-12-19,17.160301208496094,17.18781702060139,17.105271333653683,17.123615208390547,247600
2023-12-20,16.820945739746094,17.050238891324565,16.811773803758804,17.0227230833627,178500
2023-12-21,17.16947364807129,17.178645585708,17.050241957530506,17.050241957530506,198500
2023-12-22,17.151126861572266,17.215328658215018,17.123611056139193,17.169468982493225,375000
2023-12-26,17.343734741210938,17.362078614132933,17.270360998890954,17.270360998890954,113500
2023-12-27,17.398761749267578,17.426277554125416,17.307045898476883,17.307045898476883,179100
2023-12-28,17.499650955200195,17.64639841294617,17.499650955200195,17.64639841294617,276700
2023-12-29,17.51799964904785,17.68309102181856,17.508827711741905,17.68309102181856,112700
2024-01-02,17.27953338623047,17.38042294056598,17.242845639429174,17.31621938366371,221300
2024-01-03,17.261188507080078,17.30704818790961,17.160298958623052,17.160298958623052,211000
2024-01-04,17.21533203125,17.29787771435481,17.206160094308565,17.21533203125,113500
2024-01-05,17.270360946655273,17.389592621551618,17.25201707378876,17.27953288308853,136300
2024-01-08,17.270360946655273,17.28870481952179,17.132785398892416,17.1786433316907,111600
2024-01-09,17.013551712036133,17.059411393494607,17.013551712036133,17.059411393494607,120900
2024-01-10,16.97686767578125,17.013553675814514,16.95852380108053,16.98603961313161,261000
2024-01-11,17.059410095214844,17.096096088221717,16.958520553052214,17.031894288433804,86000
2024-01-12,17.14196014404297,17.288707652283723,17.132788206106884,17.187818084355097,1084800
2024-01-16,16.756744384765625,16.976865606236114,16.74757244853336,16.976865606236114,253200
2024-01-17,16.53662109375,16.582479019804282,16.4632473624425,16.582479019804282,617100
2024-01-18,16.628341674804688,16.637513612497507,16.564139860323195,16.60082761109447,226500
2024-01-19,16.775089263916016,16.79343138811331,16.6099979005639,16.646683898326554,155400
2024-01-22,16.609996795654297,16.665026663321687,16.518279183296684,16.518279183296684,162000
2024-01-23,16.784257888793945,16.811773696580392,16.545794552116355,16.637510412668703,210500
2024-01-24,17.068584442138672,17.196988059854466,16.931007138165366,17.196988059854466,317600
2024-01-25,17.17864227294922,17.279531818129097,17.141956278845193,17.25201601052516,1038600
2024-01-26,17.224504470825195,17.297878219129714,17.169472847570695,17.169472847570695,919000
2024-01-29,17.27953338623047,17.33456325706436,17.187815768595282,17.270361449530146,281100
2024-01-30,17.160301208496094,17.196988957969822,17.08692745891682,17.18781702060139,510700
2024-01-31,17.123611450195312,17.29787472321283,17.105267579484458,17.16946937760465,223400
2024-02-01,17.21533203125,17.23367590513287,17.123614411203754,17.187816220425695,153100
2024-02-02,17.105268478393555,17.132784285905835,17.022722805224603,17.0869246067187,446600
2024-02-05,17.187814712524414,17.23367439320828,17.08692516438786,17.105269036661404,409100
2024-02-06,17.637229919433594,17.637229919433594,17.371250756385688,17.45379643614456,598200
2024-02-07,17.51799964904785,17.573029523515366,17.472139962518117,17.508827711741905,103400
2024-02-08,17.362079620361328,17.490483239520994,17.33456380938364,17.490483239520994,105800
2024-02-09,17.371252059936523,17.417109996857985,17.26119056220959,17.325392373646903,188800
2024-02-12,17.48130989074707,17.58219944014937,17.407936150100298,17.472137954495228,211700
2024-02-13,17.14196014404297,17.325393654659766,17.077758327858675,17.325393654659766,381000
2024-02-14,17.38959312438965,17.417108934485068,17.261189509347126,17.261189509347126,103800
2024-02-15,17.52716636657715,17.52716636657715,17.407932966476984,17.407932966476984,131400
2024-02-16,17.61888885498047,17.664748545139393,17.55468703812628,17.55468703812628,119900
2024-02-20,17.692262649536133,17.756464460186155,17.664746838099777,17.738120585895253,116700
2024-02-21,17.774805068969727,17.8298366871484,17.728947136522155,17.756462945611492,170100
2024-02-22,17.930727005004883,17.958242817956094,17.866525190820287,17.903212941421906,173500
2024-02-23,17.894039154052734,17.939897088196155,17.857351407243556,17.939897088196155,165400
2024-02-26,17.80232048034668,17.85735034792797,17.774804671872058,17.80232048034668,85700
2024-02-27,17.894039154052734,17.912383027457324,17.84817947054126,17.84817947054126,88800
2024-02-28,17.554685592651367,17.793150713737344,17.554685592651367,17.701433090339943,148500
2024-02-29,17.53634262084961,17.618886553617248,17.517998747182098,17.60971636615157,77900
2024-03-01,17.747289657592773,17.783975650883182,17.637228178985836,17.637228178985836,80100
2024-03-04,17.701431274414062,17.765634828763545,17.673917214775123,17.765634828763545,893200
2024-03-05,17.61888885498047,17.7197784239618,17.582202852221634,17.701434547898227,106600
2024-03-06,17.84817886352539,17.92155435464825,17.811492867331953,17.811492867331953,112500
2024-03-07,17.94906997680664,17.967413851184077,17.8298382920896,17.8298382920896,143200
2024-03-08,17.875694274902344,17.95823995121065,17.839008279525295,17.884866211088596,112200
2024-03-11,17.894039154052734,17.939897088196155,17.83900928320702,17.83900928320702,87200
2024-03-12,18.049957275390625,18.049957275390625,17.939895792281593,17.97658353644058,106300
2024-03-13,17.958242416381836,18.013272291685475,17.921556415968812,17.921556415968812,159000
2024-03-14,17.86652183532715,17.93072363745407,17.82066390505589,17.91238151496631,91700
2024-03-15,17.7564640045166,17.829837750429146,17.747292067606523,17.78397806587875,156300
2024-03-18,17.751861572265625,17.843886403047595,17.724253069874354,17.81627965591746,191000
2024-03-19,17.696643829345703,17.733455164331975,17.641428582127354,17.678238161852565,236700
2024-03-20,17.88990020751953,17.899103041461586,17.659834624751443,17.659834624751443,122700
2024-03-21,17.87149429321289,18.018736123733323,17.87149429321289,18.018736123733323,62300
2024-03-22,17.73345375061035,17.807074659452734,17.705845251571613,17.807074659452734,109600
2024-03-25,17.770265579223633,17.7886712475818,17.705847495231197,17.705847495231197,90100
2024-03-26,17.724252700805664,17.843886031487806,17.724252700805664,17.816279284932516,127800
2024-03-27,17.797874450683594,17.797874450683594,17.696645027876496,17.71505069661618,243800
2024-03-28,17.90830421447754,17.93591271644914,17.807076551103894,17.807076551103894,385800
2024-04-01,17.899105072021484,18.03714408628992,17.87149656706328,17.935914656704462,383400
2024-04-02,18.018739700317383,18.073954958907088,17.963524441727678,17.972727277369533,263000
2024-04-03,18.03714370727539,18.0647504563922,17.926711445024377,17.945117114609754,118100
2024-04-04,17.9819278717041,18.239600216513495,17.963522202714515,18.21199346829032,133900
2024-04-05,17.92671012878418,17.981927133486096,17.871494879343395,17.935912962901167,82300
2024-04-08,18.119966506958008,18.14757325461496,18.055548422076892,18.055548422076892,102000
2024-04-09,18.285614013671875,18.340829264246125,18.211993094485816,18.258005510754163,248500
2024-04-10,18.073955535888672,18.147576468112316,18.037145947407588,18.073955535888672,115100
2024-04-11,18.16598129272461,18.239602221514584,18.07395469292179,18.211995470256717,183700
2024-04-12,17.73345375061035,17.935910811111672,17.705845251571613,17.935910811111672,110700
2024-04-15,17.678241729736328,17.834686424480076,17.650634978185995,17.807079672929742,98100
2024-04-16,17.457374572753906,17.530995483902025,17.40215932820806,17.448171739452768,170100
2024-04-17,17.503389358520508,17.641428352399355,17.438971278394447,17.567807438646568,161100
2024-04-18,17.586212158203125,17.669035901119383,17.530995159418325,17.567806491941525,121100
2024-04-19,17.62302589416504,17.632228729467535,17.53099929640145,17.53099929640145,147000
2024-04-22,17.724252700805664,17.742658368683255,17.521795619935467,17.59541653618473,101600
2024-04-23,17.834684371948242,17.843887206493037,17.687442529753962,17.70584819884355,106100
2024-04-24,17.9359130859375,17.963521588477846,17.86229216775772,17.926710251757385,84300
2024-04-25,18.03714370727539,18.05554937686077,17.83468485235874,17.83468485235874,98300
2024-04-26,18.24880027770996,18.267205943902407,18.19358503439355,18.211990700586,181900
2024-04-29,18.46966552734375,18.59850169775514,18.368436104728413,18.423653110842874,386700
2024-04-30,18.18438720703125,18.340831902210734,18.175184371401702,18.258008136806218,116200
2024-05-01,18.18438720703125,18.38684432509706,18.156778700142606,18.156778700142606,1684600
2024-05-02,18.662919998168945,18.7181352444659,18.4144487569411,18.4144487569411,120300
2024-05-03,18.84697151184082,18.865377179131894,18.72733818497094,18.800959098874184,131000
2024-05-06,18.819364547729492,18.856174126623344,18.791756047113335,18.819364547729492,230500
2024-05-07,18.727338790893555,18.856174955577462,18.68132462117709,18.856174955577462,281000
2024-05-08,18.718135833740234,18.727338667622952,18.561691168256225,18.561691168256225,84700
2024-05-09,18.865379333496094,18.865379333496094,18.72734032357154,18.74574599296448,121400
2024-05-10,19.01262092590332,19.123053185534758,19.01262092590332,19.086241847237208,179700
2024-05-13,19.21508026123047,19.279500110762527,19.132258250926387,19.233485932525344,121400
2024-05-14,19.21508026123047,19.21508026123047,19.132258250926387,19.159865002607273,132700
2024-05-15,19.32550811767578,19.334710951220284,19.1782662914858,19.261090038125293,136000
2024-05-16,19.55557632446289,19.57398199403097,19.435942982792895,19.454346897099715,192200
2024-05-17,19.721221923828125,19.767234338016237,19.61078967241113,19.64760100797049,107700
2024-05-20,19.638395309448242,19.693610549472005,19.573977236877045,19.573977236877045,125400
2024-05-21,19.55557632446289,19.592387663599048,19.50956390580395,19.56477915924693,79500
2024-05-22,19.454343795776367,19.55557320700201,19.417534217769486,19.4727494624103,110600
2024-05-23,19.251888275146484,19.491156694825783,19.205875860126326,19.481953860769526,60300
2024-05-24,19.307100296020508,19.362317291125606,19.288694630985475,19.29789746350299,72800
2024-05-28,19.334714889526367,19.417538653036306,19.288700712431186,19.417538653036306,97700
2024-05-29,19.058629989624023,19.077035655533816,19.01261758011045,19.049428911930036,55600
2024-05-30,19.00341796875,19.05863322057895,18.607704860909905,18.607704860909905,60300
2024-05-31,18.810163497924805,18.85617591472065,18.672124492276076,18.85617591472065,223200
2024-06-03,18.975811004638672,19.104647175861267,18.874581581385954,19.104647175861267,193400
2024-06-04,18.681324005126953,18.78255341990386,18.589299179250904,18.708932506046395,127800
2024-06-05,18.865379333496094,18.88378500288903,18.754947072399705,18.865379333496094,79900
2024-06-06,18.94820213317871,18.985011714843605,18.902189717282305,18.957404967410223,127800
2024-06-07,18.690528869628906,18.892987721181346,18.690528869628906,18.837770713342735,114900
2024-06-10,18.80095863342285,18.819364300258258,18.672122476097005,18.672122476097005,71700
2024-06-11,18.653718948364258,18.66292178283729,18.57089519336817,18.626110444945162,66000
2024-06-12,18.708932876586914,18.82856620575181,18.690527208942754,18.7733509580804,112100
2024-06-13,18.67212677001953,18.736544863496317,18.61690975681537,18.708936356894235,94300
2024-06-14,18.681324005126953,18.69972967240658,18.60770309126949,18.60770309126949,53100
2024-06-17,18.754945755004883,18.782554257155,18.644515256926656,18.644515256926656,119200
2024-06-18,18.929794311523438,18.966605644262337,18.82856490175242,18.85617340130659,85100
2024-06-20,19.0494327545166,19.132256512556683,18.97581183128778,19.123053677745425,134200
2024-06-21,18.966609954833984,19.058634797073957,18.957407119557715,19.058634797073957,227100
2024-06-24,19.042253494262695,19.144983242646184,18.967541435786334,18.967541435786334,42000
2024-06-25,18.930185317993164,18.958201225175145,18.88348917056338,18.958201225175145,68800
2024-06-26,18.874149322509766,18.892827780869524,18.808776499526438,18.808776499526438,156100
2024-06-27,18.846132278442383,19.05158996416808,18.808775363978224,18.995556373747565,193400
2024-06-28,18.91150665283203,19.01423639478162,18.864812287187238,19.01423639478162,104500
2024-07-01,18.930185317993164,19.051591738758823,18.91150685902125,18.9675404546611,133300
2024-07-02,19.051589965820312,19.06092919443716,18.93952278496957,18.93952278496957,122900
2024-07-03,19.34109878540039,19.350438013948462,19.191674691182698,19.191674691182698,198300
2024-07-05,19.28506851196289,19.33176466273387,19.154322852356177,19.33176466273387,69800
2024-07-08,19.275728225708008,19.30374591463553,19.247712318056404,19.294406684993024,1865300
2024-07-09,19.359779357910156,19.378457817047263,19.25705139520788,19.25705139520788,54700
2024-07-10,19.397136688232422,19.397136688232422,19.322424631372815,19.322424631372815,87700
2024-07-11,19.58391571044922,19.67730622574927,19.55589980275235,19.658627766434076,93400
2024-07-12,19.639951705932617,19.70532453431539,19.639951705932617,19.686646074412888,49500
2024-07-15,19.425151824951172,19.574575932737268,19.425151824951172,19.574575932737268,105500
2024-07-16,19.52787971496582,19.52787971496582,19.387794849861795,19.397134078372154,59100
2024-07-17,19.24771499633789,19.341103743205988,19.21969730351176,19.331766293540113,92800
2024-07-18,19.042253494262695,19.322425049506034,19.004898355662505,19.322425049506034,201300
2024-07-19,18.8367977142334,18.97688261561066,18.81811925237612,18.92084901131499,158900
2024-07-22,18.958200454711914,19.00489660024396,18.892827632242863,18.958200454711914,264600
2024-07-23,18.7994384765625,18.883489763298513,18.78076179828023,18.883489763298513,128200
2024-07-24,18.640676498413086,18.808779084199653,18.631339049225897,18.743406252232894,175600
2024-07-25,18.556625366210938,18.668692559430895,18.51926844762034,18.621998192468567,209800
2024-07-26,18.69670867919922,18.724724584514934,18.621996629564364,18.678030221471563,97000
2024-07-29,18.640676498413086,18.687372650729397,18.58464289690959,18.678033420266132,197100
2024-07-30,18.593978881835938,18.6500124735589,18.537945290112976,18.6219965683353,103700
2024-07-31,18.86481285095215,18.948864136645298,18.827455932299227,18.874150299339455,129400
2024-08-01,18.593978881835938,18.89282707939275,18.547284518946096,18.846132716502908,637400
2024-08-02,18.397863388061523,18.416540067464872,18.28579440526117,18.38852415772182,312200
2024-08-05,17.958927154541016,18.014962532479483,17.221145824443738,17.519994048345215,759300
2024-08-06,18.02429962158203,18.14570782341943,17.84685960547489,17.884214742080015,206400
2024-08-07,18.20174217224121,18.425878344975455,18.173724482670945,18.397862436681148,105700
2024-08-08,18.584640502929688,18.603318961450146,18.369843573771945,18.369843573771945,143500
2024-08-09,18.65001106262207,18.687367975128378,18.537943887654414,18.612655931391394,88600
2024-08-12,18.78076171875,18.827456086171853,18.73406557005221,18.74340479979177,83900
2024-08-13,18.930185317993164,18.958201225175145,18.790100438255593,18.790100438255593,59300
2024-08-14,18.8367977142334,18.939527473172266,18.77142487900909,18.88349208760043,95500
2024-08-15,19.079608917236328,19.116964052905796,18.88348866582513,18.88348866582513,77000
2024-08-16,19.28506851196289,19.294407742117087,19.163662082510374,19.163662082510374,75800
2024-08-19,19.58391571044922,19.62127262907961,19.42515236882191,19.4625092874523,91400
2024-08-20,19.322423934936523,19.443830354979067,19.2850670172152,19.443830354979067,63600
2024-08-21,19.369117736816406,19.40647465344996,19.313084143141904,19.322423372300292,60500
2024-08-22,19.12630271911621,19.34109964140119,19.09828681350778,19.31308373579276,51300
2024-08-23,19.499866485595703,19.537223408174054,19.33176567782145,19.350442357834517,59400
2024-08-26,19.453166961669922,19.509200549421397,19.425149277156365,19.48118464618348,128800
2024-08-27,19.52787971496582,19.537218943476184,19.47184612517935,19.48118535368971,65400
2024-08-28,19.38779640197754,19.43449076699183,19.3224235784472,19.397135631235567,63700
2024-08-29,19.331764221191406,19.406476279442515,19.331764221191406,19.341101669856315,57700
2024-08-30,19.313085556030273,19.36911915380403,19.22903426873166,19.35977992396241,108800
2024-09-03,18.939523696899414,19.09828702847879,18.902166780633298,19.09828702847879,449800
2024-09-04,18.939523696899414,19.032912425013087,18.86481164564299,18.86481164564299,54700
2024-09-05,18.958200454711914,19.042251735393783,18.930184548668503,18.967539683818323,52600
2024-09-06,18.69670867919922,19.03291201191818,18.668690992607733,18.986217648874813,78700
2024-09-09,18.73406410217285,18.892827432753798,18.678030509401868,18.706048196425257,131900
2024-09-10,18.67803192138672,18.706049610528137,18.537947038231504,18.706049610528137,197600
2024-09-11,18.73406410217285,18.743403331180648,18.444555128034345,18.60331845861529,102300
2024-09-12,18.86481285095215,18.892828758665917,18.724726187279614,18.762083105932536,77300
2024-09-13,19.004898071289062,19.070270898818194,18.790101129043066,18.976880381801166,61700
2024-09-16,19.060932159423828,19.144983448774187,19.014237790351853,19.07961061956302,95300
2024-09-17,19.154321670532227,19.210355266724108,19.107625522642405,19.16366090011019,61400
2024-09-18,19.060932159423828,19.303746797405303,19.051592929354232,19.163661908913376,61000
2024-09-19,19.453166961669922,19.537218233934954,19.350437233062518,19.43448850532755,71800
2024-09-20,19.415813446044922,19.5745749943403,19.39713498814813,19.406474217096527,71400
2024-09-23,19.65221405029297,19.699682440285706,19.462336868716,19.614237889656373,41500
2024-09-24,20.639568328857422,20.658556407006813,20.2598158198836,20.2598158198836,71800
2024-09-25,20.411718368530273,20.630075851368357,20.392730288943586,20.630075851368357,90800
2024-09-26,21.199703216552734,21.266159676946504,21.000333835371418,21.15223483364368,234000
2024-09-27,21.104764938354492,21.332616438984715,21.104764938354492,21.247171899898035,205000
2024-09-30,20.838939666748047,21.123753597676494,20.7914694710581,21.095271480262525,195000
2024-10-01,21.14274024963379,21.14274024963379,20.810456145431743,20.971851178284012,337900
2024-10-02,21.788318634033203,21.788318634033203,21.541479085297894,21.74084844535187,427400
2024-10-03,21.38958168029785,21.484518451932576,21.24717290124007,21.29464309786028,67000
2024-10-04,21.72186279296875,21.72186279296875,21.579455832644236,21.636420065416235,150800
2024-10-07,22.025665283203125,22.09212173998857,21.77882572171244,21.835788140271017,150000
2024-10-08,21.028812408447266,21.123750977247095,20.506652996252082,21.104762901326612,124100
2024-10-09,20.76298713684082,20.81045551709244,20.41171496624987,20.41171496624987,299200
2024-10-10,20.92438316345215,21.00033366196112,20.791468432959412,20.962357507305274,75300
2024-10-11,21.085777282714844,21.13324747804817,20.8009633539261,20.8009633539261,136600
2024-10-14,20.952863693237305,21.171221152440847,20.91488934897713,20.962357732003035,31100
2024-10-15,20.42120933532715,20.781973739171452,20.42120933532715,20.781973739171452,71600
2024-10-16,20.743999481201172,20.810455939222532,20.59209848835159,20.59209848835159,282400
2024-10-17,20.582603454589844,20.630071833508804,20.46867681006072,20.563615378701225,101400
2024-10-18,20.848430633544922,21.14274039660549,20.762987908078774,20.9813453626313,126100
2024-10-21,20.696529388427734,20.762987657570445,20.601592625543507,20.687037160781458,85600
2024-10-22,20.72500991821289,20.75349203138075,20.630071351789233,20.630071351789233,79800
2024-10-23,20.563615798950195,20.687036483945917,20.487665304646143,20.62057821697758,69900
2024-10-24,20.582603454589844,20.630071833508804,20.46867681006072,20.54462730281261,60800
2024-10-25,20.563615798950195,20.7155167875583,20.554121760811864,20.7155167875583,37800
2024-10-28,20.66805076599121,20.725013190518276,20.573112184577553,20.573112184577553,48200
2024-10-29,20.51614761352539,20.65855456534498,20.51614761352539,20.630072450660006,69200
2024-10-30,20.316776275634766,20.392726770072922,20.278801933816997,20.278801933816997,61500
2024-10-31,20.25981330871582,20.269307346613747,20.12690039975,20.250319270817894,71900
2024-11-01,20.307283401489258,20.497160553869687,20.278803096194103,20.44019813247665,145200
2024-11-04,20.36425018310547,20.544631508565992,20.36425018310547,20.46868100026605,150200
2024-11-05,20.734506607055664,20.734506607055664,20.630073989556603,20.658556106366195,54700
2024-11-06,20.411718368530273,20.487668876074082,20.22184119426928,20.25032331364931,85500
2024-11-07,21.01932144165039,21.085777906279546,20.914890630434368,20.914890630434368,179100
2024-11-08,20.36425018310547,20.563619588341716,20.25981755514194,20.544631508565992,73300
2024-11-11,20.22183609008789,20.307280615858044,20.155379639111658,20.307280615858044,108400
2024-11-12,19.82309913635254,19.946519833893667,19.71866832782097,19.946519833893667,227200
2024-11-13,19.756643295288086,19.880063996713982,19.718668948482097,19.87056995731177,281300
2024-11-14,19.623727798461914,19.785122825583183,19.61423376030153,19.72816040742351,382000
2024-11-15,19.642715454101562,19.690183833084244,19.595245264316297,19.661701719213085,315600
2024-11-18,19.946516036987305,19.9655041115796,19.76613294996541,19.76613294996541,146400
2024-11-19,19.832592010498047,19.880062203226565,19.813605744209337,19.813605744209337,535700
2024-11-20,19.794618606567383,19.81360668455996,19.72816214439614,19.804112645563674,386600
2024-11-21,19.766136169433594,19.813606363646183,19.699679708338724,19.709173747181243,357800
2024-11-22,19.737655639648438,19.737655639648438,19.50980233162009,19.50980233162009,321700
2024-11-25,19.70917320251465,19.785123700353132,19.652210781836462,19.737655318255094,167300
2024-11-26,19.633222579956055,19.7186671158319,19.585752387356866,19.690185000272386,152300
2024-11-27,19.66170310974121,19.79461783973745,19.576260383690165,19.756641685223464,60200
2024-11-29,19.728160858154297,19.728160858154297,19.462333215998047,19.462333215998047,156600
2024-12-02,19.747146606445312,19.766134682702138,19.63322177050959,19.69018418847745,225300
2024-12-03,19.889556884765625,19.899049112815497,19.775630229336834,19.785124268189463,90400
2024-12-04,19.861074447631836,19.946518985123586,19.861074447631836,19.91803686902543,263900
2024-12-05,20.01297378540039,20.041455899136327,19.95601136873109,19.95601136873109,90900
2024-12-06,19.993986129760742,20.136393079828036,19.993986129760742,20.117406814407648,80200
2024-12-09,20.72500991821289,20.88640493789234,20.649059427234473,20.649059427234473,145900
2024-12-10,20.250320434570312,20.392727389617953,20.250320434570312,20.354753046646497,112500
2024-12-11,20.2788028717041,20.307283176683974,20.155382180782293,20.25032075592152,452600
2024-12-12,20.136394500732422,20.250321155306946,20.098420156409407,20.193358733421054,198200
2024-12-13,20.05095100402832,20.117407462145973,20.012974850359562,20.117407462145973,270300
2024-12-16,19.889556884765625,20.012975768244285,19.880062845912995,19.937025268226012,185400
2024-12-17,19.927532196044922,19.965508353297636,19.775631188639757,19.794619267266114,233400
2024-12-18,19.46233367919922,19.918036667339038,19.41486529698567,19.851580207918985,127400
2024-12-19,19.528789520263672,19.690184549803153,19.528789520263672,19.64271616909263,345100
2024-12-20,19.633222579956055,19.7186671158319,19.48132158524404,19.500309662283716,247500
2024-12-23,19.789505004882812,19.7990931630882,19.636098131104976,19.68403892213192,710300
2024-12-24,19.88538360595703,19.914148078906486,19.827856488812202,19.875795448307212,65500
2024-12-26,19.89497184753418,19.97167528030222,19.866207374463382,19.97167528030222,276500
2024-12-27,19.779916763305664,19.837445712295512,19.731977801234972,19.837445712295512,144100
2024-12-30,19.66486167907715,19.72238879684451,19.607334561309788,19.72238879684451,109400
2024-12-31,19.636096954345703,19.703212229007125,19.588157994945853,19.664861427238062,153200
2025-01-02,19.501867294311523,19.636097849755302,19.48269097817551,19.52104361044754,182100
2025-01-03,19.626510620117188,19.63609877863876,19.559395339220416,19.607336131828287,156300
2025-01-06,19.626510620117188,19.847034608604897,19.626510620117188,19.760743010664978,155200
2025-01-07,19.540218353271484,19.779916821842672,19.52104386563897,19.779916821842672,709400
2025-01-08,19.434751510620117,19.444339668438506,19.34845991900875,19.40598703716496,290700
2025-01-10,19.003293991088867,19.17587717829418,19.003293991088867,19.17587717829418,419000
2025-01-13,18.964942932128906,18.964942932128906,18.84988686595771,18.84988686595771,375600
2025-01-14,19.156702041625977,19.204642834775754,19.10876307723047,19.156702041625977,336300
2025-01-15,19.434751510620117,19.434751510620117,19.32928360337198,19.35804807682714,118400
2025-01-16,19.396398544311523,19.51145460739068,19.377222229005984,19.51145460739068,172000
2025-01-17,19.55939483642578,19.693627223522988,19.453928752908077,19.453928752908077,80100
2025-01-21,19.75115203857422,19.770328352885684,19.65527229577088,19.741563881418486,279900
2025-01-22,19.7607421875,19.866208269335463,19.71280139688918,19.866208269335463,338900
2025-01-23,19.847036361694336,19.847036361694336,19.72239211865829,19.760744756132276,89700
2025-01-24,19.99085235595703,20.038791317477447,19.894972604162046,19.952499723737372,189600
2025-01-27,19.837446212768555,19.904561492862427,19.789505420734198,19.847034371175425,78400
2025-01-28,19.981266021728516,19.981266021728516,19.722391216879032,19.914150737972204,120600
2025-01-29,19.942913055419922,20.13467257333435,19.933326725403067,20.029204655605984,179300
2025-01-30,20.307252883911133,20.355191842190703,19.86620678697212,19.86620678697212,92300
2025-01-31,20.086732864379883,20.37437030184542,20.029203913883393,20.336017668181096,119500
2025-02-03,19.952499389648438,20.086731771415465,19.751153560129087,19.751153560129087,364600
2025-02-04,20.249727249145508,20.36478148893234,20.125083022496575,20.134671180604506,927400
2025-02-05,20.173023223876953,20.22096218426237,20.134670592565328,20.134670592565328,146400
2025-02-06,20.249727249145508,20.316842527146857,20.19219830049792,20.316842527146857,331300
2025-02-07,20.288076400756836,20.566127476982516,20.278488243429674,20.422306945829085,1084500
2025-02-10,20.537364959716797,20.566129434436046,20.47024968079274,20.508600484997547,507300
2025-02-11,20.52777671813965,20.594891996791233,20.470249597688888,20.470249597688888,124100
2025-02-12,20.690771102905273,20.777062695259588,20.52777607609758,20.57571503684814,124000
2025-02-13,20.777061462402344,20.786649619734344,20.499010386036357,20.499010386036357,193400
2025-02-14,21.016759872436523,21.035936187066763,20.92088012803934,21.016759872436523,85600
2025-02-18,21.170167922973633,21.227695041346728,21.141403449410024,21.208520554391775,192400
2025-02-19,21.10305404663086,21.150993010329483,21.06470141266857,21.131818522102577,296700
2025-02-20,21.333162307739258,21.496157328858665,21.237282560830067,21.32357415017293,141100
2025-02-21,21.352340698242188,21.553686540442918,21.275637259010352,21.448220454470544,502600
2025-02-24,20.94964599609375,21.23728341969978,20.940057838139666,21.22769526174569,192900
2025-02-25,21.00717544555664,21.055114411891182,20.93047200216877,21.03593992260997,198400
2025-02-26,21.22769546508789,21.400278652406357,21.17975650361239,21.294810742655258,164100
2025-02-27,20.882532119750977,21.0934661226257,20.872943961153815,21.083877964028538,181200
2025-02-28,20.6236572265625,20.642833543666324,20.431897713032793,20.57571643380295,511900
2025-03-03,20.431896209716797,20.796238892865176,20.374369091392253,20.72912361669419,134300
2025-03-04,20.61406898498535,20.757887705176262,20.374370508415755,20.53736554563325,151100
2025-03-05,21.275636672973633,21.313987477156058,20.93047029156084,20.99758557044573,150500
2025-03-06,21.18934440612793,21.400278394332233,21.160579932337015,21.333163117574234,160800
2025-03-07,21.304397583007812,21.381101013876947,21.141402563816648,21.218105994685782,177400
2025-03-10,20.796239852905273,21.045526482158547,20.69077194047968,20.997585690713187,260300
2025-03-11,20.978408813476562,21.083876723083474,20.815413784426863,20.920881694033774,534700
2025-03-12,20.987998962402344,21.016763439229376,20.84418023577584,21.00717528028703,151900
2025-03-13,20.987998962402344,21.064702405186765,20.81541575894881,20.84418023577584,642800
2025-03-14,21.46739387512207,21.476982033143504,21.33316332033031,21.33316332033031,264200
2025-03-17,21.870088577270508,21.91802937002793,21.534510342985566,21.534510342985566,265300
2025-03-18,21.735858917236328,21.87967764396949,21.649567315445566,21.82215051902709,596100
2025-03-19,21.76462173461914,21.83173701339372,21.68791829762616,21.793384380520138,107400
2025-03-20,21.448217391967773,21.496156348859824,21.333161335171276,21.333161335171276,241500
2025-03-21,21.31398582458496,21.361926612038665,21.208519749694915,21.24687055090383,287300
2025-03-24,21.33230209350586,21.419058104182547,21.264825604889865,21.39014065968793,82800
2025-03-25,21.32266616821289,21.467258920018192,21.32266616821289,21.36122337734923,83500
2025-03-26,21.216629028320312,21.351582008032892,21.197349505905244,21.322664563006743,167500
2025-03-27,21.419057846069336,21.419057846069336,21.226268143574934,21.226268143574934,140500
2025-03-28,20.917804718017578,21.1587932431625,20.888885433105436,21.1587932431625,133300
2025-03-31,20.956361770629883,20.966001532195808,20.715373247271312,20.78284973963627,98200
2025-04-01,21.02383804321289,21.0623970890735,20.869605536963466,20.917804344289223,123900
2025-04-02,20.99492073059082,21.033477938099505,20.917804476976936,20.985280969064522,87100
2025-04-03,20.599700927734375,20.76357320624725,20.561141879332933,20.561141879332933,166100
2025-04-04,19.452594757080078,19.809256757757097,19.163407413145535,19.761059786399642,1346400
2025-04-07,18.51755714416504,19.153768533623662,18.31512766825278,18.49827945974233,1654800
2025-04-08,18.12233543395996,18.95133650665565,17.948825249099496,18.92241722321402,1324800
2025-04-09,19.433313369750977,19.433313369750977,18.16089432651435,18.18017384864737,2607500
2025-04-10,19.076650619506836,19.298359599138383,18.816382597193446,19.269440317127,365000
2025-04-11,19.703222274780273,19.77069876745405,19.279081956920983,19.279081956920983,501000
2025-04-14,19.992408752441406,20.079164772604187,19.789979264459333,19.789979264459333,188500
2025-04-15,19.905651092529297,20.021326389416338,19.896011331239006,19.944210137690465,183500
2025-04-16,19.683940887451172,19.867092663504106,19.606824640470414,19.809254099321272,154500
2025-04-17,19.799617767333984,19.944210512210653,19.789978005862675,19.84781473609404,251000
2025-04-21,19.799617767333984,19.876734020507975,19.645383422389504,19.799617767333984,105500
2025-04-22,20.127361297607422,20.262316125196133,19.992408308615293,20.079164326852112,308200
2025-04-23,20.32015037536621,20.561138876895033,20.30087085398078,20.484022629949663,141400
2025-04-24,20.55150032043457,20.5707798429497,20.329791327299958,20.329791327299958,107000
2025-04-25,20.512943267822266,20.512943267822266,20.349071002407744,20.387628209130675,250600
2025-04-28,20.580419540405273,20.61897674671954,20.493663527952606,20.532220734266872,117800
2025-04-29,20.580419540405273,20.657535791630263,20.551500256722232,20.657535791630263,568500
2025-04-30,20.580419540405273,20.609336985491858,20.435826799182976,20.599699062860637,106800
2025-05-01,20.57077980041504,20.686453258073715,20.532220755464508,20.686453258073715,99200
2025-05-02,21.149152755737305,21.24554853020651,21.033477458654964,21.24554853020651,119300
2025-05-05,21.26482582092285,21.34194207135263,21.216628853877904,21.34194207135263,112400
2025-05-06,21.15879249572754,21.274465954096872,21.120233450540116,21.12987321183697,96600
2025-05-07,20.90816307067871,21.06239556577355,20.88888354914276,21.06239556577355,91200
2025-05-08,21.05275535583496,21.158790883423983,21.004558391619767,21.158790883423983,360500
2025-05-09,21.197349548339844,21.29374532201171,21.15879234202897,21.25518627710438,89800
2025-05-12,21.66004753112793,21.76608306835431,21.573291516778436,21.76608306835431,106100
2025-05-13,21.804641723632812,21.872118213897057,21.602210414243615,21.66968690450786,409900
2025-05-14,21.968515396118164,22.045631652591297,21.929956348583307,22.045631652591297,243600
2025-05-15,21.862478256225586,21.92995474588364,21.785362005388315,21.92995474588364,174300
2025-05-16,21.833559036254883,21.852838558669443,21.73716326277853,21.766082546400373,127400
2025-05-19,21.881757736206055,21.881757736206055,21.650407145545845,21.650407145545845,79700
2025-05-20,21.958873748779297,21.958873748779297,21.872117737871584,21.872117737871584,167100
2025-05-21,21.852840423583984,22.02635246292959,21.84320066155405,21.997433176839785,92200
2025-05-22,21.833559036254883,21.901035526109393,21.766082546400373,21.881757842291286,198900
2025-05-23,21.862478256225586,21.881757778584014,21.66004694865497,21.66004694865497,1777100
2025-05-27,21.766082763671875,21.804641808885897,21.71788579575082,21.775722524975382,75800
2025-05-28,21.602210998535156,21.679327252151037,21.602210998535156,21.669687490624487,1513800
2025-05-29,21.669687271118164,21.804642092526297,21.621490302570148,21.76608304681069,137300
2025-05-30,21.3901424407959,21.525095429265114,21.284106899229187,21.525095429265114,79200
2025-06-02,21.554012298583984,21.554012298583984,21.419057486646476,21.447976768903732,358200
2025-06-03,21.688966751098633,21.708246273918324,21.573291452776985,21.611850498416363,148900
2025-06-04,21.881757736206055,21.910675181091246,21.823919169242778,21.891395658770154,299000
2025-06-05,21.910675048828125,22.007070821255247,21.872117843015136,21.99743106015289,517700
2025-06-06,22.01671028137207,22.026350042342642,21.891395227351033,21.929954271233324,172800
2025-06-09,22.170942306518555,22.209501349577888,22.055267015936924,22.074546537466592,111200
2025-06-10,22.383012771606445,22.392652532907057,22.26733931319204,22.296256758497407,110600
2025-06-11,22.50832748413086,22.56616421244954,22.460128678368257,22.537244928991978,182400
2025-06-12,22.546884536743164,22.556524297830098,22.45049060306668,22.489047808817986,158500
2025-06-13,22.257699966430664,22.354095742635643,22.209502997626426,22.209502997626426,95600
2025-06-16,22.537246704101562,22.643282246534557,22.489049733139247,22.489049733139247,65600
2025-06-17,22.28662109375,22.46977106122796,22.27698133147274,22.4504933752701,107700
2025-06-18,22.199861526489258,22.305895217412008,22.190221765751488,22.27697777379506,151600
2025-06-20,22.01671028137207,22.21913974596487,21.997430759430927,22.21913974596487,135000
2025-06-23,22.179784774780273,22.179784774780273,21.95653137171965,22.005064076244476,165700
2025-06-24,22.626291275024414,22.6457050971335,22.441865519200043,22.490398223068777,108600
2025-06-25,22.597171783447266,22.645704486006274,22.587464872654678,22.606878694239853,314200
2025-06-26,22.791305541992188,22.83013318703124,22.713652103318097,22.762186659616912,91200
2025-06-27,22.713651657104492,22.75247930138077,22.645705131024986,22.703944746035422,361100
2025-06-30,22.70394515991211,22.73306589365017,22.548638282783823,22.57775901652188,120700
2025-07-01,22.77189064025879,22.82042519425744,22.72335793766407,22.77189064025879,112600
2025-07-02,22.98543930053711,22.98543930053711,22.791304784601266,22.791304784601266,84800
2025-07-03,23.014558792114258,23.06309334808696,22.9757329987401,22.98543990993464,41500
2025-07-07,22.781599044799805,22.956319747843157,22.742773250459088,22.849547424853146,201800
2025-07-08,22.878664016723633,22.898077837651947,22.79130367395009,22.898077837651947,129700
2025-07-09,22.742773056030273,22.81071958409869,22.703945410617443,22.81071958409869,110000
2025-07-10,22.917491912841797,22.927198823413647,22.820424658527166,22.859250449410688,99800
2025-07-11,22.878664016723633,22.898077837651947,22.83983822627087,22.898077837651947,252300
2025-07-14,22.89807891845703,22.92719965122402,22.85925127476771,22.90778582937936,193800
2025-07-15,23.004854202270508,23.072800730616308,22.92720076253187,23.072800730616308,114900
2025-07-16,23.05338478088379,23.072798601878304,22.868957184243637,23.01455713889476,686900
2025-07-17,23.1213321685791,23.1504529011611,22.956318386755665,23.004852941058992,79700
2025-07-18,23.140745162963867,23.315465849401292,23.131038252450246,23.28634511786043,103100
2025-07-21,23.315465927124023,23.42223824032203,23.23781249416007,23.23781249416007,136800
2025-07-22,23.4028263092041,23.422238278924173,23.247519443020238,23.305759054988215,157800
2025-07-23,23.64549446105957,23.64549446105957,23.509599559181833,23.509599559181833,133000
2025-07-24,23.538721084594727,23.645495257221558,23.519307262043665,23.626081434670493,115300
2025-07-25,23.412534713745117,23.451360507066656,23.354293246656802,23.4222397735225,96400
2025-07-28,23.305761337280273,23.412535512514346,23.257226779717485,23.412535512514346,65300
2025-07-29,23.26693344116211,23.334881821019717,23.228107646933235,23.334881821019717,81400
2025-07-30,23.140745162963867,23.257224386319567,23.08250555128602,23.247519327209822,194900
2025-07-31,22.927200317382812,23.043679549027214,22.878665761360974,23.043679549027214,101900
2025-08-01,22.77189064025879,22.89807862925135,22.713651026864337,22.89807862925135,254400
2025-08-04,23.004854202270508,23.063093819223475,22.936905822520664,23.063093819223475,529100
2025-08-05,23.11162567138672,23.179572197223596,23.05338605658425,23.131039493455532,99300
2025-08-06,23.218399047851562,23.228105958554227,23.101917970823497,23.11162488152616,103700
2025-08-07,23.422239303588867,23.46106694753539,23.334880807517127,23.46106694753539,113200
2025-08-08,23.4028263092041,23.41253321976608,23.34458484583224,23.35429175639422,107000
2025-08-11,23.334880828857422,23.383413532430993,23.29605318487539,23.383413532430993,123800
2025-08-12,23.713441848754883,23.723148760056617,23.48048153172536,23.538721148131735,126600
2025-08-13,23.926986694335938,23.956107426234382,23.859040171310127,23.868747081942942,213000
2025-08-14,23.626079559326172,23.69402608145755,23.577546858204865,23.6066657383161,115600
2025-08-15,23.626079559326172,23.723146812972658,23.616372648821137,23.723146812972658,145300
2025-08-18,23.713441848754883,23.75226764255779,23.645495321046777,23.723148760056617,246100
2025-08-19,23.490188598632812,23.64549547768129,23.470774775900743,23.587254009485083,79000
2025-08-20,23.509599685668945,23.52901350767078,23.4125342784677,23.519306596669864,172600
2025-08-21,23.509599685668945,23.538720418671698,23.451360071067405,23.490187715071077,132800
2025-08-22,23.946401596069336,23.95610850714013,23.5872532920659,23.5872532920659,97600
2025-08-25,23.849332809448242,23.975520793883465,23.82021392950462,23.82021392950462,111100
2025-08-26,23.800800323486328,23.859039935303233,23.752265770802342,23.791093412949532,81300
2025-08-27,23.596960067749023,23.60666697876412,23.422239372285162,23.51930663103219,398100
2025-08-28,23.703733444213867,23.73285417628458,23.5775473080486,23.616373099405642,332900
2025-08-29,23.67461395263672,23.69402777503443,23.558134721058455,23.558134721058455,147700
2025-09-02,23.6843204498291,23.69402736085828,23.441653228311583,23.499892843082677,301400
2025-09-03,23.694026947021484,23.723147679600398,23.645494244127235,23.645494244127235,493200
2025-09-04,23.587251663208008,23.596958573608475,23.44165171000872,23.53871896260953,127800
2025-09-05,23.878454208374023,23.94640073201389,23.761973131131455,23.86874729765348,85100
2025-09-08,24.101707458496094,24.101707458496094,23.9755213226816,24.00464020326746,195300
2025-09-09,24.2473087310791,24.28613637583856,24.121122588418878,24.189069115343923,118300
2025-09-10,24.392908096313477,24.47056153251894,24.354082303912726,24.441442651069366,245800
2025-09-11,24.722936630249023,24.732643541579954,24.509390135180624,24.509390135180624,83400
2025-09-12,24.684110641479492,24.732643346347015,24.65498990771657,24.7132295238384,95300
2025-09-15,24.83941650390625,24.87824229593321,24.771469979306122,24.800588860475354,793400
2025-09-16,24.93648338317871,24.96560226390666,24.82000230605518,24.88794882962561,190400
2025-09-17,25.101497650146484,25.247097610826817,25.02384421435671,25.062670006549624,166400
2025-09-18,24.907363891601562,24.94619153637792,24.800589719870576,24.88795006921338,119600
2025-09-19,24.907363891601562,24.955896596168007,24.858831187035115,24.94619153637792,92900
2025-09-22,24.85316276550293,24.872872307363302,24.754618815411803,24.82360033231774,98500
2025-09-23,24.85316276550293,24.981272907989982,24.833455103247925,24.872872307363302,109900
2025-09-24,24.892581939697266,25.000982540717935,24.87287239776526,24.951708685887915,129700
2025-09-25,24.784181594848633,24.86301788378615,24.695490534843252,24.74476439018257,151100
2025-09-26,24.77432632446289,24.794035866201376,24.656072833242668,24.705344807983533,187800
2025-09-29,25.0403995513916,25.109381068014965,25.00098234743769,25.109381068014965,293500
2025-09-30,25.050254821777344,25.109381568689862,24.991128074864825,25.060109592863665,73300
2025-10-01,25.16851043701172,25.198072870949296,25.099527038744732,25.109381809925733,259300
2025-10-02,25.207927703857422,25.326183078713555,25.109381871411546,25.296618765098167,104300
2025-10-03,25.19807243347168,25.28676349295543,25.16851000004735,25.28676349295543,133700
2025-10-06,25.267053604125977,25.286763145875256,25.217781629358136,25.217781629358136,94800
2025-10-07,25.089672088623047,25.336035727574675,25.050254883785595,25.336035727574675,233100
2025-10-08,25.227636337280273,25.227636337280273,25.050254221190112,25.129090508385143,163700
2025-10-09,24.99112892150879,25.267055002851905,24.96156460724826,25.257200231431728,98800
2025-10-10,24.064800262451172,25.04040004449043,23.995818744469418,25.020690502322672,277800
2025-10-13,24.754619598388672,24.833455888718348,24.64621899433333,24.705345742179233,95000
2025-10-14,24.606800079345703,24.76447266109423,24.449127497597175,24.478691811527064,151500
2025-10-15,24.872873306274414,24.981273911254533,24.734910266921855,24.932000054624734,182500
2025-10-16,25.050254821777344,25.237491713206616,24.94185421943323,25.109381568689862,105700
2025-10-17,25.089672088623047,25.119236401955188,24.863017991892846,24.892582305224987,80300
2025-10-20,25.414873123168945,25.434580785185332,25.19807192454061,25.19807192454061,85400
2025-10-21,25.138946533203125,25.25720003009166,25.119236990519887,25.21778282433063,477600
2025-10-22,25.178363800048828,25.30647394819523,25.040400760142347,25.079819845604455,180700
2025-10-23,25.45429039001465,25.52327190625665,25.39516364460798,25.405018415443315,84500
2025-10-24,25.582399368286133,25.66123753717726,25.582399368286133,25.65138276606587,67400
2025-10-27,25.7992000579834,25.828762491121427,25.740073312101977,25.789345287068933,84400
2025-10-28,25.848472595214844,25.87803690860133,25.68094524523557,25.740073872008537,237200
2025-10-29,25.937164306640625,26.065274454924808,25.838618472484818,26.035710140796432,125500
2025-10-30,25.661237716674805,25.779491211627867,25.582399547232214,25.631673403133835,144600
2025-10-31,25.493709564208984,25.552836309826365,25.41487327685069,25.542981538955907,119100
2025-11-03,25.592254638671875,25.631673723886458,25.49371068484629,25.572546975670022,97100
2025-11-04,25.296619415283203,25.444437227948587,25.267055100907942,25.326183729658467,1092100
2025-11-05,25.572546005249023,25.631672751221732,25.395163887725527,25.4247263209092,126600
2025-11-06,25.572546005249023,25.78934532688587,25.513417379670948,25.690799497194444,227200
2025-11-07,25.611963272094727,25.611963272094727,25.267053807132612,25.43458115413676,313500
2025-11-10,25.97658348083496,25.986438252244735,25.79920135466998,25.848473332113382,150400
2025-11-11,26.045564651489258,26.094836628271285,25.98643790342974,25.98643790342974,67600
2025-11-12,26.06527328491211,26.114545259975575,25.996289888375742,26.114545259975575,132200
2025-11-13,25.848472595214844,26.13425531913466,25.799200619176105,26.13425531913466,98600
2025-11-14,25.7992000579834,25.97658217523303,25.710508999358584,25.73021854118751,230300
2025-11-17,25.474000930786133,25.690800258850437,25.405019411838644,25.641528282346638,89200
2025-11-18,25.424726486206055,25.483855112168552,25.2276367051472,25.27690868051057,253500
2025-11-19,25.28676414489746,25.434581954646287,25.21778262565504,25.28676414489746,420000
2025-11-20,25.0403995513916,25.592253563983867,25.030544780501785,25.53312681825032,482100
2025-11-21,25.010835647583008,25.109381478486785,24.71520003447706,24.88272738313187,207400
2025-11-24,25.217782974243164,25.227637745643367,25.060110391050838,25.08967282564599,126800
2025-11-25,25.336036682128906,25.336036682128906,25.11923734834134,25.257200389878385,199600
2025-11-26,25.434581756591797,25.503563275297072,25.34589069551204,25.424726985404558,154000
2025-11-28,25.54298210144043,25.54298210144043,25.44443627017114,25.483855354521012,37000
2025-12-01,25.562692642211914,25.641528934385978,25.503564013377268,25.51341878484971,129200
2025-12-02,25.602109909057617,25.61196468055337,25.464146867328026,25.57254747417583,115700
2025-12-03,25.602109909057617,25.61196468055337,25.513418845201315,25.523273616697068,182200
2025-12-04,25.651382446289062,25.690799650637842,25.582399049369293,25.661237217277602,100800
2025-12-05,25.690799713134766,25.95687289165645,25.661237279702608,25.85832706113671,121200
2025-12-08,25.552837371826172,25.671090867975657,25.4838558524714,25.671090867975657,139600
2025-12-09,25.45429039001465,25.464145160849984,25.316327357530643,25.375454102937308,136500
2025-12-10,25.63167381286621,25.690800561287908,25.424727373982115,25.474001230671394,149300
2025-12-11,25.611963272094727,25.651382355909995,25.43458115413676,25.46414546699821,402400
2025-12-12,25.434581756591797,25.700654939831075,25.32618303274297,25.68094539745659,168900
2025-12-15,25.44443702697754,25.60210960985598,25.424727484216373,25.60210960985598,306900
2025-12-16,25.19807243347168,25.276908721945528,25.129090916007733,25.25719917992572,314600
2025-12-17,25.060110092163086,25.33603616965601,25.060110092163086,25.33603616965601,209200
2025-12-18,25.336036682128906,25.46414683178942,25.29661947580638,25.336036682128906,163900
2025-12-19,25.474000930786133,25.57254676339915,25.434581845898755,25.434581845898755,151300
2025-12-22,25.610000610351562,25.6299991607666,25.530000686645508,25.530000686645508,145300
2025-12-23,25.75,25.75,25.59000015258789,25.600000381469727,215800
2025-12-24,25.739999771118164,25.809999465942383,25.709999084472656,25.809999465942383,72600
2025-12-26,25.8799991607666,25.8799991607666,25.75,25.799999237060547,94100
2025-12-29,25.739999771118164,25.739999771118164,25.649999618530273,25.719999313354492,239300
2025-12-30,25.8799991607666,25.940000534057617,25.860000610351562,25.940000534057617,102000
2025-12-31,25.809999465942383,25.920000076293945,25.780000686645508,25.920000076293945,66100
2026-01-02,26.3799991607666,26.3799991607666,26.149999618530273,26.239999771118164,210700
2026-01-05,26.510000228881836,26.520000457763672,26.280000686645508,26.3700008392334,703300
2026-01-06,26.639999389648438,26.739999771118164,26.600000381469727,26.670000076293945,362400
2026-01-07,26.469999313354492,26.559999465942383,26.420000076293945,26.559999465942383,133100
2026-01-08,26.450000762939453,26.459999084472656,26.260000228881836,26.31999969482422,231900
2026-01-09,26.489999771118164,26.510000228881836,26.3700008392334,26.399999618530273,89200
2026-01-12,26.90999984741211,26.940000534057617,26.59000015258789,26.59000015258789,162000
2026-01-13,26.790000915527344,26.889999389648438,26.739999771118164,26.889999389648438,264600
2026-01-14,26.979999542236328,26.989999771118164,26.84000015258789,26.8799991607666,264700
2026-01-15,27.1200008392334,27.219999313354492,26.969999313354492,27.1299991607666,232700
2026-01-16,26.899999618530273,27.0,26.790000915527344,27.0,192300
2026-01-20,26.790000915527344,26.940000534057617,26.739999771118164,26.809999465942383,199500
2026-01-21,27.149999618530273,27.209999084472656,26.969999313354492,26.989999771118164,301400
2026-01-22,27.420000076293945,27.530000686645508,27.290000915527344,27.350000381469727,249600
2026-01-23,27.579999923706055,27.600000381469727,27.290000915527344,27.3799991607666,402800
2026-01-26,27.65999984741211,27.780000686645508,27.59000015258789,27.6299991607666,591500
2026-01-27,28.110000610351562,28.149999618530273,27.899999618530273,27.950000762939453,311800
2026-01-28,28.31999969482422,28.389999389648438,28.170000076293945,28.389999389648438,329100
2026-01-29,28.34000015258789,28.59000015258789,27.979999542236328,28.549999237060547,383100
2026-01-30,27.59000015258789,28.0,27.479999542236328,27.940000534057617,280300
2026-02-02,27.59000015258789,27.649999618530273,27.34000015258789,27.40999984741211,149500
2026-02-03,27.649999618530273,27.790000915527344,27.420000076293945,27.75,360500
2026-02-04,27.549999237060547,27.8700008392334,27.420000076293945,27.8700008392334,614500
2026-02-05,27.360000610351562,27.600000381469727,27.31999969482422,27.549999237060547,235700
2026-02-06,27.940000534057617,27.969999313354492,27.670000076293945,27.690000534057617,355600
2026-02-09,28.209999084472656,28.25,27.81999969482422,27.93000030517578,311200
2026-02-10,28.299999237060547,28.350000381469727,28.190000534057617,28.290000915527344,439400
2026-02-11,28.559999465942383,28.610000610351562,28.309999465942383,28.510000228881836,3326700
2026-02-12,28.18000030517578,28.690000534057617,28.049999237060547,28.690000534057617,361200
2026-02-13,28.049999237060547,28.100000381469727,27.799999237060547,28.010000228881836,250100
2026-02-17,28.049999237060547,28.110000610351562,27.75,27.969999313354492,240200
2026-02-18,28.18000030517578,28.34000015258789,28.100000381469727,28.270000457763672,220800
2026-02-19,28.1200008392334,28.1200008392334,27.940000534057617,28.100000381469727,140500
2026-02-20,28.549999237060547,28.559999465942383,28.010000228881836,28.06999969482422,218100
2026-02-23,28.360000610351562,28.6200008392334,28.280000686645508,28.540000915527344,147500
2026-02-24,28.700000762939453,28.760000228881836,28.479999542236328,28.549999237060547,451900
2026-02-25,28.899999618530273,28.979999542236328,28.739999771118164,28.940000534057617,151000
2026-02-26,28.600000381469727,28.75,28.350000381469727,28.75,183700
2026-02-27,28.510000228881836,28.59000015258789,28.420000076293945,28.5,392100
2026-03-02,28.190000534057617,28.34000015258789,28.0,28.010000228881836,244400
2026-03-03,27.299999237060547,27.360000610351562,26.670000076293945,27.170000076293945,786800
2026-03-04,27.309999465942383,27.3799991607666,27.049999237060547,27.270000457763672,236700
2026-03-05,26.860000610351562,27.059999465942383,26.600000381469727,26.989999771118164,387100
2026-03-06,26.75,26.8700008392334,26.549999237060547,26.56999969482422,255400
2026-03-09,27.170000076293945,27.209999084472656,26.450000762939453,26.649999618530273,710700
2026-03-10,27.219999313354492,27.5,27.010000228881836,27.139999389648438,354700
2026-03-11,27.25,27.360000610351562,27.1200008392334,27.170000076293945,409700
2026-03-12,26.809999465942383,27.149999618530273,26.729999542236328,27.149999618530273,468892
